628,796,5199,347,2852,353,796,220,628,628,198,5199,347,2852,353,318
366,679,19152,366,8982,14886,366,319,262,4793,4471,286,262,5581,2168,837
220,628,198,10343,13333,705,82,2802,3724,8972,706,339,373,4642,837,290
307,48588,416,262,13520,764,220,628,198,554,767,3980,837,10851,37746,89
287,262,18816,340,8096,262,7505,286,257,890,44823,1022,2460,837,543,373
38273,5107,837,10343,13333,318,1266,1900,329,465,300,131,250,44019,837,257
837,262,845,6000,286,477,387,28643,39939,764,3412,287,3660,4960,837,262
10343,13333,764,10447,859,20194,287,7683,3999,7695,1039,3544,3594,2488,12,31
837,2158,837,373,2716,416,10184,7849,11058,319,807,3945,2211,837,355,262
921,366,2722,3869,5051,6637,422,262,314,5837,40,15238,290,16490,15814,837
4102,851,4469,25355,220,628,198,11556,439,6075,272,851,3224,10047,220,628
416,32216,837,547,503,4871,276,416,511,3517,16054,837,262,18087,2488,12
796,796,796,220,628,628,198,383,314,325,2488,12,31,1398,7937,550
31,12877,331,67,1267,379,1343,1160,7370,286,22910,290,3439,2488,11,31
547,4615,379,428,640,290,262,5415,22910,286,262,5637,6541,373,3220,284
16651,796,796,220,628,628,198,383,27141,286,262,3517,3139,7937,9005,286
262,2493,1735,286,262,5474,6203,764,6023,41175,373,5292,319,262,3491,3526
17068,5451,257,1285,2961,764,15298,484,19189,475,750,407,4929,262,1605,16651
12,31,5629,6215,422,262,5544,6769,837,475,484,4054,284,28640,597,2726
16994,290,422,22717,284,21794,764,679,373,257,11529,6356,379,886,319,262
383,21709,1074,6412,284,355,366,7055,705,82,4627,2944,5106,366,318,3177
12086,329,1243,12897,422,19984,3136,837,284,1596,812,2861,286,366,32175,1629
6488,291,418,14807,837,262,23964,7425,15987,12866,64,290,42177,5451,287,262
35768,440,365,3055,672,1453,23964,764,22608,547,407,355,1913,18485,422,262
13520,286,4764,290,6885,16462,357,8699,290,9773,10571,1220,289,1267,287,40695
2258,6983,7297,373,5906,284,1745,663,7696,2256,1973,262,7850,355,1588,3146
12538,262,22255,83,506,5866,739,3002,286,11854,379,1728,2173,764,220,628
7850,837,5963,284,262,9885,2258,6983,3141,1281,290,8062,3641,837,4117,340
513,4608,357,604,2488,13,31,807,10571,1267,422,262,7850,290,718,4608
301,29887,14131,287,36395,257,1588,636,286,663,2700,837,1342,327,5834,837
764,25976,379,7769,1058,1542,290,8282,3690,262,1334,286,262,1110,837,262
3867,7627,764,2293,1811,2250,837,362,358,1345,23122,286,317,5834,1908,257
31,1021,5249,764,220,628,198,1320,976,6672,837,262,2258,25999,1908,281
286,2693,362,837,290,371,11380,2351,4287,25518,422,262,3240,764,2258,25999
12807,796,796,796,220,628,628,198,1550,262,3329,286,2693,352,262,352
15447,29887,837,290,360,23490,286,262,9415,67,25734,29887,561,1368,24821,2029
25518,8902,284,262,2258,764,383,1294,4991,8902,19189,606,5093,837,6427,625
286,262,2647,2831,837,290,356,1807,340,561,307,3608,284,307,257,22782
11695,8034,5062,837,7088,37340,764,632,33948,379,1400,13,1467,319,262,13362
10586,357,9162,784,8235,1267,220,628,198,19800,3932,988,418,357,609,528
10055,764,383,717,1688,1487,284,777,3858,373,262,9793,286,13324,1176,329
15191,46942,764,1119,561,1568,307,973,757,1141,262,8200,1175,287,262,1215
286,6953,565,5643,422,11292,837,290,287,2901,290,2932,45278,262,45252,2067
290,14891,351,3585,37610,284,4472,2046,764,1119,547,407,355,7272,24856,355
287,262,1660,764,220,628,198,383,15770,3443,3214,503,286,7075,287,262
8565,837,262,5078,284,20780,354,2488,12,31,3440,364,373,3443,925,287
764,679,19492,6541,284,28302,1683,2488,12,31,29175,8328,4001,326,7380,6541
2726,2372,422,257,4833,530,851,290,1813,262,3585,287,45888,286,7582,6495
373,3105,284,11206,7771,44304,764,383,30837,325,647,1429,329,7771,6161,4635
24650,866,284,262,6203,1241,764,220,628,198,34844,3562,329,17475,15611,837
262,6846,2063,286,262,678,400,2488,12,31,4289,543,2950,6953,565,5643
2263,262,1085,351,257,1271,286,25438,588,20780,354,2488,12,31,11046,3777
284,691,1440,764,383,19014,1175,373,8391,262,1306,614,379,262,5838,286
326,4547,428,14111,318,3306,329,21005,764,220,628,628,198,796,796,25353
286,2972,39939,837,1390,34898,837,15608,837,11609,1381,837,290,1854,764,1649
373,16573,329,262,21421,416,3517,711,29995,12803,36852,290,373,23393,287,3576
2488,12,31,1479,2877,13529,683,351,14934,764,220,628,198,2574,494,2409
366,837,12803,31004,286,383,6714,21821,3417,340,355,257,366,3665,3704,366
262,1492,24069,867,7183,290,9188,764,2441,7274,407,691,8781,11908,12051,465
220,628,628,198,796,796,12489,796,796,220,628,628,198,4650,2169,77
286,13375,764,3819,2169,77,2117,623,2645,82,837,884,355,412,563,2840
865,35586,404,312,2169,77,2117,623,2645,764,220,628,198,30868,375,684
544,355,257,850,8094,286,28561,375,756,544,837,12560,867,1402,837,38255
2645,82,717,4120,287,262,12556,23699,7087,516,1088,25508,1510,812,2084,357
45149,291,2169,77,2117,623,2645,82,764,383,865,35586,404,10994,11803,837
837,257,9970,287,262,279,478,6864,308,1447,293,837,318,7888,2162,290
77,2117,623,2645,82,837,262,10268,2117,623,2645,82,764,220,628,198
2779,286,262,16162,837,475,42302,2649,422,262,8171,9911,25891,287,7190,501
261,389,1498,284,25073,257,1029,4922,286,19794,764,3082,3314,3386,561,423
286,2478,764,383,45618,341,319,262,4417,286,262,14511,9753,635,21126,379
351,3595,47472,12336,837,523,340,318,783,1807,326,484,547,407,973,329
10266,2488,12,31,23191,1022,1367,2425,290,1367,1795,764,220,628,198,383
10101,1626,262,1926,413,439,290,40737,606,351,262,5814,10101,1626,262,4151
663,1588,290,2952,5922,2347,286,6546,10774,14932,15114,14342,503,422,281,1989
4985,287,4202,517,621,262,362,2488,13,31,642,309,3146,583,1110,4179
1592,262,2872,284,1592,262,4652,764,49104,705,1074,705,82,26318,373,6686
3061,837,290,339,373,19273,416,5741,11842,446,329,262,11695,764,220,628
286,352,2488,11,31,12877,16267,21730,764,2080,465,32619,28626,1439,6972,2448
764,220,628,198,5856,6076,3047,287,257,983,1028,262,6182,2297,17689,837
12139,11314,392,286,262,12056,351,257,7078,287,257,983,319,2901,1160,764
4041,5934,6960,11289,837,1642,683,262,18887,5934,6960,8464,1201,29902,4599,268
669,287,18802,1115,812,287,257,5752,837,9679,8547,4627,646,87,357,9656
679,2957,262,2351,4041,287,6409,9376,1752,757,837,884,355,18802,837,18802
764,220,628,198,554,3776,1881,286,262,1853,2351,4041,7458,7171,837,49521
290,530,38287,2641,837,530,38287,1497,764,29948,2488,12,31,1440,22421,287
2332,21641,10993,24484,22802,366,28368,366,290,1466,564,247,264,27340,357,1900
351,2266,837,4171,290,10912,22969,326,2380,262,8234,379,1180,9539,287,663
12123,764,4362,339,550,6572,477,465,503,286,262,938,1115,812,837,339
34450,355,257,26850,422,465,9528,764,632,2331,13640,290,11557,1626,262,27430
550,1541,973,2092,5107,287,465,4842,6103,837,290,484,547,284,1716,257
22281,837,290,257,14604,319,703,262,20461,1590,318,366,26533,290,875,16548
1524,837,475,355,262,8112,286,257,1178,39939,508,547,329,257,1728,640
11345,9038,837,290,11811,4141,2488,12,31,3303,25231,764,220,628,198,383
284,36664,287,8379,286,262,10530,9546,837,407,287,8379,286,262,1138,1313
635,281,21848,8783,286,16716,6306,508,373,4684,284,779,607,1637,284,7715
3703,837,407,5720,496,837,286,4379,837,286,3612,351,262,1243,355,484
351,663,11561,837,5215,13,19636,34835,74,404,69,764,20656,16559,837,3910
329,29276,1104,837,284,399,18131,8482,837,21506,837,21859,1598,1817,284,3802
4765,3703,290,717,12015,518,274,796,796,796,220,628,628,198,4930,5870
764,770,373,262,691,2859,24197,2354,262,18613,416,262,2324,3703,764,24581
198,796,796,796,2293,11018,379,262,18613,796,796,796,220,628,628,198
1295,3466,764,220,628,198,5856,262,3218,1622,837,1830,547,2826,319,257
290,16889,2044,286,262,6280,764,220,628,628,198,796,796,796,35525,2488
1051,734,7912,339,550,685,379,326,640,2361,366,764,943,73,4450,2252
402,3930,43269,764,6363,8875,341,10874,286,19132,837,38283,837,32497,837,24730
2060,764,943,73,4450,2630,262,3496,329,465,2802,837,1400,368,8836,36588
837,1423,2690,1153,68,26376,379,1271,530,329,262,1285,7464,860,3267,2813
262,6631,286,3945,290,2805,8096,19690,3842,837,749,20228,4166,422,1737,832
547,2029,3487,837,1390,883,287,262,2520,2807,6896,764,38662,286,24748,596
640,837,262,8862,373,9646,7421,2488,12,31,24821,739,262,4588,286,257
8862,18283,6364,24287,2017,764,2102,837,257,1790,19204,45047,4137,257,10453,287
2739,1737,837,281,1989,286,24069,6193,2540,284,21160,287,262,2520,2807,6896
319,2901,1160,837,262,449,5673,6108,9103,838,5664,12605,13520,286,21409,10571
24135,625,262,3999,22779,837,290,32008,515,5000,1811,2250,706,43682,764,220
71,764,9973,17448,5091,287,23176,287,883,7652,837,290,352,2488,11,31
257,880,2488,12,31,5447,4151,290,8978,9103,5415,12605,13520,286,24793,10571
29464,539,2488,12,31,474,8083,764,554,47221,837,42198,2488,12,31,266
31,26015,837,3726,257,3016,1285,2488,12,31,890,9052,764,383,4692,2166
262,5290,3931,288,740,912,287,2048,6135,812,837,3584,340,635,1364,4334
26283,904,878,9052,278,284,262,24821,764,1550,3267,838,837,262,8862,32008
1846,65,12003,290,6669,43967,547,9880,416,262,40251,2969,1220,370,11770,38468
284,281,287,9641,13054,286,1987,284,3261,49504,1220,18605,764,2039,415,14922
7592,422,262,22443,378,290,35449,2628,319,262,1413,17899,18328,764,220,628
198,796,796,796,30144,36985,3196,796,796,796,220,628,628,198,10736,1031
284,2347,762,6820,764,4698,262,5531,286,28283,837,4141,1176,8278,2952,355
739,28056,21984,1042,917,371,444,354,9153,3812,2574,10813,268,284,5713,262
8799,3495,68,259,837,2684,31223,3881,764,3574,360,9116,918,5714,284,25732
262,4141,5428,12606,262,7850,837,484,561,2421,640,284,8335,764,40323,10277
290,517,3394,6553,4120,290,7953,262,4141,5721,764,220,628,198,30900,21347
7797,286,691,1338,4224,290,16152,268,74,1980,831,319,262,5093,3331,764
587,5953,286,262,17264,9866,3611,9983,286,262,5407,837,262,16048,10323,500
28415,379,262,15215,4022,837,262,8946,3756,422,262,1468,7404,286,25732,907
6541,764,220,628,628,628,198,796,20501,11732,23955,796,220,628,628,198
628,198,11732,23955,9141,31890,3334,3961,837,810,339,2826,4346,290,32440,287
1111,41758,290,772,14690,805,5017,287,2910,837,340,4444,618,11732,23955,17687
2872,379,36969,3596,329,262,3670,764,11732,23955,7675,17383,465,3670,351,1037
2832,351,683,878,4305,351,257,18484,593,764,11732,23955,3940,428,26390,351
7472,8504,11338,7561,29662,357,309,4535,1267,764,770,373,11732,23955,705,82
3035,1315,4471,286,16089,837,11732,23955,7384,513,10744,357,25846,44289,837,18624
262,3687,2107,1785,287,11790,287,257,2068,5442,3626,2162,339,635,6793,376
198,770,318,645,3440,286,6473,2162,340,705,82,645,15247,25756,764,314
1218,2835,764,383,1592,7366,11732,23955,12568,2902,286,262,6280,25279,837,351
284,8399,422,262,1907,319,1737,1105,764,679,373,6928,416,24379,1879,5404
286,262,20345,837,290,318,262,2239,11358,286,1526,9520,837,8312,705,82
27657,220,628,198,22493,4274,1232,33341,3940,416,12623,25495,220,628,198,19817
220,628,198,383,43821,911,8629,29278,286,262,6280,357,1946,1267,784,43626
254,764,1318,389,4145,734,15304,2842,286,1262,257,2063,2488,12,31,2665
318,257,309,2665,764,7735,19885,286,2063,2488,12,31,9004,284,2035,286
198,796,796,796,16065,24608,796,796,796,220,628,628,198,554,1248,3682
7305,837,290,311,524,261,8953,2636,764,22151,837,257,8268,2488,12,31
913,15990,1362,11185,262,9356,366,764,41069,265,3417,262,649,16313,355,257
319,2310,784,2534,2932,2321,764,25040,373,7147,780,340,550,24569,2488,12
262,2180,614,705,82,366,383,9356,837,262,39061,837,290,262,12150,25481
24927,34141,290,837,287,3269,22458,837,13471,20371,1028,4960,12536,764,1081,262
9327,26494,1084,274,837,968,2520,11769,837,319,2310,3389,764,1400,13,1160
705,350,2799,993,705,837,373,717,4166,287,28684,416,569,21630,2488,12
220,628,628,198,383,1810,4452,290,262,5407,547,31083,837,379,428,966
31,30662,9196,837,543,1718,640,284,6161,764,220,628,198,383,1810,4452
32028,18733,286,9983,3066,326,46694,815,307,12030,355,8902,355,1744,284,10129
27242,6989,4334,18499,1141,262,11796,2162,691,530,23078,290,1115,309,21879,34592
4157,286,262,35889,11406,379,2310,1058,3571,319,718,2795,287,257,9581,6516
284,257,20735,286,4353,3939,38813,411,357,352,2488,13,31,642,287,1267
10384,286,326,1989,611,262,2137,19769,284,1441,764,220,628,198,3759,318
383,8519,12251,329,18993,287,8235,7848,11312,286,37697,764,383,983,373,635
10860,837,3584,340,373,9958,290,1364,34419,1969,284,262,2723,286,663,7815
5044,7808,47324,764,2773,6096,423,257,8165,29654,379,262,736,286,262,1182
290,4689,15716,64,6665,373,18665,257,11091,5253,422,262,2723,764,383,4689
262,22645,764,1550,262,2166,6903,340,318,24789,351,1936,39290,1980,934,32702
2769,764,383,1182,373,5071,416,9308,520,24297,287,22717,837,25240,18985,357
837,5457,2233,284,8563,287,262,9706,286,262,17757,764,220,628,198,2986
860,10117,1267,7331,290,5260,352,2488,13,31,5946,18985,357,604,2488,13
393,7402,658,287,262,1296,286,257,1221,326,8698,262,1027,75,5910,837
767,2488,13,31,807,10860,764,383,1182,318,14747,276,351,257,2829,1182
764,1002,6198,257,41197,1182,788,340,561,307,262,691,1900,1672,422,2354
307,4624,287,28649,32678,3250,764,14444,284,4786,625,2785,5719,31682,1042,340
386,41923,290,3688,284,1757,40143,764,679,318,6405,351,734,1862,1751,764
1375,1807,546,340,329,734,2250,878,5149,683,284,467,329,340,764,366
604,1700,373,262,1266,1871,3466,326,750,407,3151,262,8125,6675,764,20019
287,262,10663,2488,12,31,18576,290,284,4405,12206,1812,4317,784,4153,287
2026,784,5125,351,739,1542,4201,5637,837,7055,1812,1625,510,6565,290,373
837,17389,4444,510,5442,257,2648,286,262,4495,3670,379,1511,784,642,764
42692,393,2137,10135,837,41109,284,2962,319,366,262,1306,711,366,2138,621
13101,6116,764,679,468,587,3417,355,19695,837,12949,837,290,407,366,546
543,743,7603,262,4931,286,1660,4771,764,383,32593,318,3706,706,33149,39349
389,5365,14559,837,543,743,787,33038,278,262,5389,5365,2408,329,257,25810
7497,1079,262,711,706,20060,262,1621,561,407,670,319,3800,764,2293,1811
764,36896,5645,262,14669,837,33188,281,5789,13609,764,1623,13,376,715,82
339,318,1690,23665,355,611,13640,837,366,19291,803,25797,326,8941,3387,683
286,36508,705,82,1204,837,43446,290,1918,837,1605,20774,31621,4340,1605,3504
16969,286,607,4385,3206,16925,290,262,835,262,4813,2209,1123,584,764,5334
318,262,11550,24716,1505,3715,851,36508,705,82,717,8791,351,17799,764,2893
640,764,6932,373,407,13795,319,262,517,880,2488,12,31,1900,13445,780
1714,351,17799,284,1844,465,7016,7002,851,284,4620,26831,764,449,2973,290
503,286,45946,1502,837,4687,88,15641,1281,942,284,10993,262,9539,764,7413
41679,262,36693,284,21523,3743,837,9486,837,475,531,837,366,340,705,82
82,2695,764,4687,88,837,347,3101,290,4789,3111,329,5566,1342,621,511
6300,286,777,8188,764,679,2936,326,484,547,523,1790,326,484,366,1422
5166,832,4141,9168,284,543,339,550,2087,2587,284,787,262,6290,1057,13611
8720,5982,3094,2650,416,14135,287,767,3312,20550,1973,2258,2253,764,383,2646
287,262,717,1285,837,3688,351,262,6678,6135,4064,764,220,628,198,383
3751,572,511,366,11091,18054,366,764,220,628,198,3831,272,9181,6932,705
82,4540,329,6705,17741,262,2180,614,837,34689,15348,6047,837,2626,284,22197
11131,705,82,6832,547,12030,416,262,30462,5407,837,290,17557,13413,3767,465
329,649,471,13,50,13,3348,379,1986,1988,764,1892,691,750,17557,1592
2850,3888,284,4492,326,614,837,15010,257,11566,287,262,38378,30785,3250,1989
2915,764,679,373,257,1688,15811,287,262,46050,1069,31314,837,262,13854,494
284,1737,1542,837,1248,1433,837,5442,36630,284,262,5852,287,1248,1415,764
796,796,796,7884,796,796,796,220,628,628,198,42477,9666,270,3754,317
837,867,6156,21262,1181,2449,14602,1437,29419,36303,3754,764,4784,284,1345,3541
6991,373,23085,706,46693,24552,13529,340,379,257,8073,2151,422,1660,973,284
46810,705,82,37769,287,6135,5984,837,351,5133,17517,705,82,5229,852,7986
628,198,383,3034,2450,286,46810,318,257,966,286,4384,1871,9123,764,4784
852,8754,422,340,764,679,635,6157,355,281,8674,290,257,14015,764,7486
1502,764,770,27360,373,4191,1234,866,287,4317,837,706,46810,705,82,1918
938,837,262,2128,286,13885,8223,3653,10357,46810,284,1986,262,886,764,2102
47056,1141,262,13580,286,49207,357,9225,784,9773,1267,837,1194,848,455,273
422,683,2162,981,1854,837,503,286,13763,284,683,837,290,262,1049,2801
287,262,640,286,262,39523,2616,257,9208,15525,286,262,2409,35020,71,7012
262,10715,286,287,1557,414,288,849,1541,670,837,705,339,45652,284,46810
1468,3355,276,1748,837,2558,859,1434,82,764,220,628,628,198,796,796
837,262,995,705,82,13325,47043,764,220,628,198,10816,20153,287,1248,2481
262,12113,4380,4333,9303,764,1737,669,23115,1559,837,34037,1455,292,837,290
416,1692,9572,837,351,11091,1956,302,20931,1863,262,40250,82,1201,262,1605
357,9840,286,262,13419,1267,290,262,3058,739,5103,2986,16583,48711,4564,357
262,13316,764,220,628,198,383,20830,290,27338,27969,38558,31366,12901,837,3199
262,13316,290,371,528,282,3250,764,220,628,198,371,528,282,3250,837
764,20828,22311,837,262,13325,47043,287,262,995,837,318,262,1748,705,82
796,796,220,628,628,198,1081,262,6467,3641,286,262,13316,837,31721,318
29900,257,1688,36011,1430,3161,284,262,2872,764,383,9957,10499,783,7987,11453
1141,262,1903,812,286,1605,40337,284,262,1499,618,484,32295,257,880,2488
12,31,352,1267,290,7431,261,2944,82,592,323,23889,357,371,2488,12
20386,64,30644,23889,837,399,7490,273,40599,520,13,357,15734,3461,323,8326
262,584,2628,423,3892,3392,764,383,4273,874,286,883,4624,287,5436,26641
290,1757,1583,504,3245,20915,8275,4693,287,511,5075,2159,6822,4868,286,3175
6296,287,867,3354,286,7595,810,3288,8222,28459,468,587,12539,764,15298,837
36999,9120,728,3619,284,5380,503,5335,290,6044,262,14801,569,696,764,383
866,262,31853,2367,290,371,9598,34141,28291,837,475,15733,6150,1029,625,262
1667,3533,2641,262,1748,7714,837,810,32442,547,16083,407,10431,284,9960,764
10290,284,262,1748,7372,373,9301,764,317,5402,287,262,1748,7372,2957,284
6159,6553,4249,1644,561,3802,262,21555,1589,290,327,2301,1030,12815,764,317
764,554,2693,837,706,21022,1022,19848,290,6441,396,15779,326,2957,284,262
2367,547,34737,416,24270,705,27506,2403,3166,705,764,10003,373,11829,351,416
32705,3700,20410,547,3597,2587,329,511,584,4097,837,49988,74,1662,764,554
717,2060,422,262,5062,837,366,1542,1220,1542,2488,12,31,6640,366,837
3690,262,5062,837,2282,326,484,389,366,546,1239,32012,810,345,1625,422
609,18425,22635,284,3151,262,14935,4120,287,262,12122,10216,14935,287,22372,837
286,262,2805,2808,837,15408,837,8313,286,383,968,27980,764,383,670,10969
2488,12,31,2939,851,7867,867,2092,2499,837,1390,262,11968,329,262,12844
380,17757,837,11552,84,347,600,15712,837,290,17454,283,7273,1689,5939,764
284,3176,3840,764,4960,3386,11406,287,7381,72,319,1467,3426,23234,764,6866
15712,764,383,7593,3952,318,257,7372,286,4334,837,2568,2488,12,31,18590
19078,5847,290,3623,43386,764,347,600,15712,1644,423,587,25407,866,319,7706
16888,837,4153,4064,286,30031,3288,3623,318,1043,379,5694,6026,1102,544,572
796,220,628,628,198,383,347,600,15712,4347,11416,373,4920,287,14745,764
796,796,5638,796,796,796,220,628,628,198,1318,318,257,348,37595,12094
764,13661,422,262,5888,547,3888,656,262,1966,347,9697,2615,764,1550,2808
648,28284,837,257,271,7365,84,1413,333,837,269,437,349,837,290,573
2888,837,373,8686,262,6274,50022,10636,11561,764,383,4326,373,1912,287,262
14926,357,2039,1173,78,1623,415,14651,1267,290,569,49708,357,7148,46043,1267
272,618,673,2497,22221,6155,832,262,43075,3371,350,528,837,40807,262,1907
2813,837,618,339,373,14131,416,25026,360,24910,764,1081,286,1946,837,2957
262,779,286,3660,3303,290,2647,1141,11892,2594,837,49614,286,1728,15707,884
796,796,796,220,628,628,198,19486,19943,329,5441,4172,837,10857,19223,2692
31,4747,10571,1267,1181,12763,287,8830,968,1971,287,262,1578,1829,764,383
5567,764,6645,10261,4477,5366,904,1863,262,3240,1627,837,5609,3891,284,44410
904,757,837,1708,8774,3530,832,262,8830,1712,636,286,45868,705,82,4318
628,198,1550,3389,352,837,5075,837,262,44340,3418,20815,7052,319,257,3953
837,4916,764,220,628,198,554,1853,837,8670,5842,64,4887,351,14499,49701
625,1956,764,6379,10375,24135,262,4151,416,262,640,509,4951,64,9349,656
287,26578,290,2173,1988,764,317,880,2488,12,31,28805,2277,286,262,39517
837,673,925,607,8886,351,262,2260,1074,379,262,42429,5454,287,3945,1853
640,837,290,607,17923,550,5710,284,257,362,2488,13,31,642,966,2137
628,198,796,796,796,5178,282,9323,796,796,796,220,628,628,198,1081
262,11055,329,262,4513,705,82,2615,11383,764,20292,902,547,2672,780,477
764,2312,837,1978,351,262,38780,286,9262,8861,422,878,262,1175,837,1718
3724,1141,262,11032,1175,812,837,981,287,17165,2422,2139,393,286,5640,29816
837,2845,287,1454,263,45225,837,8701,5017,351,257,38838,4865,1088,262,1182
2526,286,16295,2465,837,1402,1182,28750,389,8104,6228,319,262,2323,764,383
4392,837,33972,837,7137,837,1578,4498,24880,290,12492,220,628,198,5398,7732
33861,351,262,13910,35588,2923,319,1160,2901,25859,290,373,12412,1498,284,905
16659,547,12006,837,749,286,543,1816,656,2139,351,262,2679,11773,8565,764
860,16462,1267,37930,764,383,2679,544,15448,701,16659,547,546,352,29654,357
262,886,286,262,1175,837,351,2063,286,262,1160,16659,2626,1141,262,1175
471,2488,12,31,838,290,471,2488,12,31,1367,837,8148,851,547,5399
33,2488,12,31,1478,357,355,471,2488,12,31,2608,1267,220,628,198
274,1267,837,618,339,2497,262,2347,286,10380,23147,832,262,23423,33750,837
3517,837,262,569,488,88,1230,10435,257,13471,9513,286,47403,355,257,2882
3574,46997,43168,837,8200,13993,9460,952,350,13,15711,26127,7384,47403,1811,1661
2739,22458,837,262,2679,10043,287,11307,6149,262,31983,4560,852,9902,764,554
764,7735,10342,2957,606,284,2270,832,257,3355,656,23204,543,550,1239,587
220,628,628,198,796,796,5830,286,370,41615,324,893,41615,707,32615,669
705,82,4506,13580,373,1667,445,416,3176,13156,290,465,16612,284,6818,465
9774,292,666,705,82,13580,287,9166,764,770,373,257,11004,15393,837,407
32775,2241,1718,510,11566,287,569,9774,292,666,705,82,1966,4489,64,287
428,1181,286,9674,561,6165,1085,284,262,9067,395,4902,286,399,32775,705
4260,284,423,587,33941,416,262,604,400,2488,12,31,4289,18026,43737,75
366,2293,7317,6078,284,376,1381,290,1972,2950,351,28594,46272,4706,22108,11646
2513,736,284,262,7541,764,22108,14443,717,290,7481,10490,284,257,37743,3206
3443,3568,2029,22108,287,734,2823,618,19478,5860,284,4405,376,1381,764,220
2646,1839,734,837,329,6705,3683,41837,2488,12,31,5345,4280,6944,837,2619
