628,796,5199,347,2852,353,796,220,628,628,198,5199,347,2852,353,318,281,3594,2646,837,5581,290,21421,8674,764,679,550,257,8319,2488,12,31,20495,2597,319,262,5581,2168,383,3941,287,4751,764,770,373,3940,416,257,20495,2597,287,262,711,2332,684,3194,416,11288,37072,837,543,373,6157,287
38273,5107,837,10343,13333,318,1266,1900,329,465,300,131,250,44019,837,257,2099,286,21247,351,7646,17778,319,1296,290,2695,837,329,1672,1058,220,628,198,7994,734,41188,286,10343,13333,705,82,20007,47862,2499,389,287,428,1296,837,290,339,318,4143,3177,284,307,663,3756,28622,764,2399,1266,300,131
4102,851,4469,25355,220,628,198,11556,439,6075,272,851,3224,10047,220,628,198,8858,272,509,1258,11693,851,3597,837,4469,25355,220,628,198,14912,666,33609,259,851,3597,220,628,198,978,8800,35754,1754,851,3597,837,4469,25355,220,628,198,17537,1891,851,3597,220,628,198,371,6277,575,330,12944,851
16651,796,796,220,628,628,198,383,27141,286,262,3517,3139,7937,9005,286,11769,290,1432,9615,416,4960,1956,2488,12,31,1912,6215,319,838,3426,23234,2957,262,314,41,45,284,6537,326,10181,5748,714,407,8076,287,262,1986,286,4472,6215,290,2672,8030,1633,1104,284,1805,606,764,383,2994,286,1440
383,21709,1074,6412,284,355,366,7055,705,82,4627,2944,5106,366,318,3177,284,307,262,6000,2059,286,7055,4346,1074,286,477,640,764,371,361,23140,290,20052,12592,8092,550,262,8507,355,262,1074,8472,474,18698,764,5856,262,21709,983,1028,9279,837,371,361,37036,2067,4585,10425,329,262,7772,5355,764
2258,6983,7297,373,5906,284,1745,663,7696,2256,1973,262,7850,355,1588,3146,286,1294,11515,3386,547,3181,287,284,1128,417,340,837,290,319,2932,678,837,262,46465,604,400,7458,373,4137,736,1973,262,7850,351,2026,1411,18499,764,554,262,11940,15703,3814,837,1936,2258,6983,17397,547,1128,5753,276,416
764,25976,379,7769,1058,1542,290,8282,3690,262,1334,286,262,1110,837,262,1657,22548,2665,286,262,7297,20381,5140,2166,2488,12,31,1627,4991,2005,572,416,262,2258,25999,837,290,925,29167,257,1447,305,862,286,14271,837,2057,837,1660,837,290,3315,9416,764,1081,1321,6364,3170,510,379,7297,10043,340
15447,29887,837,290,360,23490,286,262,9415,67,25734,29887,561,1368,24821,2029,262,45333,290,2230,284,302,2488,12,31,4474,2800,351,262,1294,2242,4372,27749,2162,262,362,358,23164,14487,29887,837,30468,286,262,352,301,29887,837,860,400,27749,837,290,4847,286,262,7724,358,15447,29887,561,1368,319,262
10055,764,383,717,1688,1487,284,777,3858,373,262,9793,286,13324,1176,329,38873,764,2893,39517,2876,2382,44304,550,587,973,422,262,45440,82,31719,837,13324,38873,691,2627,11080,329,1688,44304,706,262,12695,286,262,9580,44408,6051,287,262,47784,82,764,220,628,198,9094,2488,12,31,13232,9580,36780,689
8565,837,262,5078,284,20780,354,2488,12,31,3440,364,373,3443,925,287,1248,3720,2162,355,880,355,262,2383,13391,287,2846,286,2854,837,4459,373,47632,416,281,11278,319,3096,44247,536,917,11882,4073,416,257,2485,852,4274,2488,12,31,9639,837,257,1917,543,714,691,1645,351,257,31746,2488,12
262,6846,2063,286,262,678,400,2488,12,31,4289,543,2950,6953,565,5643,7685,2950,17091,4028,393,21022,1022,1218,2488,12,31,2494,19014,5635,764,887,777,16925,547,1690,1576,284,11508,3517,2450,2488,12,31,14429,286,262,3649,27491,286,14084,19014,3215,9572,837,422,36852,40065,287,262,1605,7511,1810,284
373,16573,329,262,21421,416,3517,711,29995,12803,36852,290,373,23393,287,3576,287,3035,14489,351,38285,5108,322,268,2712,262,636,286,35333,11908,764,632,373,635,23393,287,37118,837,14493,287,262,1578,1829,287,13540,290,31636,1757,31289,388,355,11908,764,220,628,628,198,796,796,28114,10638,796,796,220
286,13375,764,3819,2169,77,2117,623,2645,82,837,884,355,412,563,2840,837,423,587,1043,351,1402,837,1221,2488,12,31,588,275,1647,629,1769,326,547,287,1204,2192,14553,287,262,4168,764,1439,286,777,2169,77,2117,623,2645,82,547,16573,284,257,35609,12263,764,10313,743,423,4438,4800,422
837,257,9970,287,262,279,478,6864,308,1447,293,837,318,7888,2162,290,636,286,262,30362,16057,1444,262,987,67,669,282,48262,284,262,17019,3934,764,15891,3033,547,1813,416,1793,37425,2123,435,764,357,12923,1267,837,1390,262,2800,1022,262,1281,1845,21587,290,409,13966,541,1287,379,262,736,286
351,3595,47472,12336,837,523,340,318,783,1807,326,484,547,407,973,329,4854,764,5455,837,777,6546,336,7916,743,423,2163,276,284,1104,262,10712,326,8698,262,267,13370,29838,764,12556,2169,77,2117,623,2645,82,588,360,437,11751,6449,261,714,407,3285,32726,2128,475,561,423,587,1498,284,4886
1592,262,2872,284,1592,262,4652,764,49104,705,1074,705,82,26318,373,6686,1141,262,983,837,290,355,262,38760,319,262,1074,837,49104,373,1234,287,3061,2162,2158,837,339,550,635,587,262,1074,705,82,3218,7389,256,3110,477,1622,837,523,618,484,547,11343,257,7389,837,339,1816,477,262,835
4041,5934,6960,11289,837,1642,683,262,18887,5934,6960,8464,1201,29902,4599,268,286,262,12863,968,1971,26053,764,679,373,262,807,400,15990,1362,18086,284,1592,262,5764,837,262,717,1201,43052,1173,402,4660,2634,287,262,5816,1622,764,220,628,628,198,796,796,796,796,2321,1622,1058,5934,6960,17490,2488
2332,21641,10993,24484,22802,366,28368,366,290,1466,564,247,264,27340,357,1900,355,317,732,306,68,1267,764,1881,286,607,21641,2702,379,257,11016,14389,329,317,720,2534,2488,11,31,10460,764,7212,64,4767,5557,705,82,2499,389,7634,34746,290,8766,396,287,11742,290,7987,1656,379,5068,1242,48043,287
22281,837,290,257,14604,319,703,262,20461,1590,318,366,26533,290,875,16548,366,837,351,257,26850,18290,284,1111,3660,5612,290,14589,5612,764,1675,683,837,262,3785,2331,284,366,4180,262,26868,21731,286,2939,290,8404,284,17369,262,27523,9807,286,262,4920,670,1502,764,679,26557,290,18288,2114,837,48281
3703,837,407,5720,496,837,286,4379,837,286,3612,351,262,1243,355,484,2152,837,290,286,21024,606,1863,257,1627,286,32859,764,366,1168,2724,1659,15688,373,257,1688,4588,319,262,15417,39939,837,508,5281,262,39440,396,2962,319,8766,4786,284,257,1029,1241,286,2478,764,32520,28515,889,837,1194,9515
198,796,796,796,2293,11018,379,262,18613,796,796,796,220,628,628,198,16657,16702,364,547,6515,8218,262,18613,13061,355,262,2457,6769,24057,764,383,8215,286,262,442,1192,1924,851,262,1388,2615,286,262,18613,851,547,7478,16318,1280,416,46697,1626,734,2250,286,262,18613,705,82,24663,764,30886,4409
2060,764,943,73,4450,2630,262,3496,329,465,2802,837,1400,368,8836,36588,764,383,2647,2008,329,262,3496,837,2716,287,3035,2321,837,373,18976,379,14499,13799,287,5401,5652,764,632,3033,943,73,4450,290,465,3367,837,38847,943,73,4450,7504,764,837,290,373,7924,416,5199,16364,29690,764,383,3496
8862,18283,6364,24287,2017,764,2102,837,257,1790,19204,45047,4137,257,10453,287,257,6716,32525,837,5086,329,262,6388,284,1011,257,517,39673,837,5093,904,3108,764,1629,24938,18119,319,1737,1160,837,262,449,5673,17955,262,8862,284,37956,8865,18704,2488,12,31,3488,764,14207,262,1080,705,82,19264,837,18704
257,880,2488,12,31,5447,4151,290,8978,9103,5415,12605,13520,286,24793,10571,1220,289,357,7982,16462,1267,764,2893,1474,9103,12245,837,6669,43967,373,390,7015,803,290,2540,6225,284,262,5093,2488,12,31,24287,764,383,1926,413,439,2582,706,3804,625,262,4960,7022,286,29464,25496,2488,12,31,474,8083
1846,65,12003,290,6669,43967,547,9880,416,262,40251,2969,1220,370,11770,38468,4606,764,383,3891,17958,1015,290,8252,73,328,3609,547,7147,284,6330,1846,65,12003,290,6669,43967,8148,764,2893,575,1092,272,373,9167,416,9764,9071,284,307,4615,287,262,1351,837,290,373,6928,416,44576,764,383,29911,41516
739,28056,21984,1042,917,371,444,354,9153,3812,2574,10813,268,284,5713,262,7696,612,837,290,262,584,739,38323,18042,27648,27235,1816,5093,351,749,286,262,4334,20381,764,31517,2890,262,3663,837,37899,12386,34506,31662,262,1334,286,465,13889,12778,2651,284,302,2488,12,31,4474,2800,351,37916,756,837,508
587,5953,286,262,17264,9866,3611,9983,286,262,5407,837,262,16048,10323,500,837,262,10323,500,290,262,5407,286,4486,764,11399,837,339,373,257,13467,2888,286,5579,646,365,7516,705,3085,764,679,550,4193,284,1486,1811,286,7516,705,517,1593,19017,379,2295,76,1571,268,837,3059,4528,1516,268,837
2872,379,36969,3596,329,262,3670,764,11732,23955,7675,17383,465,3670,351,1037,422,24448,12099,952,290,257,15563,26282,764,5856,262,37341,26390,837,319,2439,441,8048,837,11732,23955,13663,4403,5438,572,262,1353,2488,12,31,17182,287,257,2208,11141,543,4073,262,5858,284,9807,319,2928,764,220,628,198,1081
198,770,318,645,3440,286,6473,2162,340,705,82,645,15247,25756,764,314,716,2636,2726,546,428,764,314,18959,705,83,7787,286,1997,290,314,18959,705,83,7787,286,9599,764,314,705,303,587,281,44288,287,35691,1201,314,373,1936,764,314,1392,6632,4152,4394,329,16381,764,2735,661,910,314,460
220,628,198,383,43821,911,8629,29278,286,262,6280,357,1946,1267,784,43626,383,4698,30157,705,82,41137,45844,15113,379,41137,45844,27713,220,628,198,352,10563,11732,23955,705,82,314,54,16960,14089,6551,10749,13580,379,46757,318,3177,257,24659,286,465,13580,422,399,12889,54,764,220,628,198,362,10563,1649
913,15990,1362,11185,262,9356,366,764,41069,265,3417,262,649,16313,355,257,366,17085,366,355,262,9356,373,287,366,257,1180,7108,286,465,1204,783,366,290,2936,517,366,7334,2488,12,31,510,366,290,2988,2339,764,383,16569,373,3562,416,8442,347,42568,329,428,4471,764,366,383,7967,3653,366
705,350,2799,993,705,837,373,717,4166,287,28684,416,569,21630,2488,12,31,21166,82,355,257,2839,13189,837,290,373,5292,284,307,2702,2035,284,262,3517,5407,393,284,3215,2036,3166,764,632,373,284,307,262,3452,287,257,2168,286,1657,11657,4635,416,262,1664,764,383,6873,373,3562,284,10980
4157,286,262,35889,11406,379,2310,1058,3571,319,718,2795,287,257,9581,6516,12539,286,26520,507,416,262,642,400,2547,620,1133,26012,764,383,4165,8861,286,262,35889,547,284,2222,287,38578,290,9416,837,290,284,6133,262,734,41015,24393,2367,287,14652,803,262,1989,2714,416,262,7297,2162,262,718,400
5044,7808,47324,764,2773,6096,423,257,8165,29654,379,262,736,286,262,1182,837,290,617,389,24789,351,27400,764,317,1182,422,4689,15716,64,318,24789,351,262,1182,286,257,6512,764,1318,389,20594,1022,262,1182,67,16746,319,617,286,262,6665,326,468,2957,284,13367,326,2176,1182,67,16746,743,2380
860,10117,1267,7331,290,5260,352,2488,13,31,5946,18985,357,604,2488,13,31,767,10117,1267,3094,416,657,2488,13,31,10190,18985,357,513,2488,13,31,657,10117,1267,2769,2162,340,24034,807,10860,764,383,1182,373,5071,416,257,19972,15635,5526,287,9162,2162,340,373,1043,11694,837,9105,1986,21032,287
386,41923,290,3688,284,1757,40143,764,679,318,6405,351,734,1862,1751,764,554,2901,2211,837,339,4488,257,2237,2488,12,31,614,837,2534,1510,8872,2775,284,1716,262,1182,3985,286,262,6182,24116,287,262,7403,764,554,3035,1853,837,20019,2957,262,24116,284,262,7403,42361,355,262,767,400,9403,287
837,17389,4444,510,5442,257,2648,286,262,4495,3670,379,1511,784,642,764,383,34969,788,1839,262,22776,4041,9595,284,5713,281,11353,15244,7756,8406,837,290,2722,281,807,9403,764,220,628,198,350,9484,416,867,284,4425,257,717,2488,12,31,2835,2872,2488,12,31,510,1028,5706,28098,837,17389,6190
7497,1079,262,711,706,20060,262,1621,561,407,670,319,3800,764,2293,1811,812,355,257,5581,3159,16002,837,6932,28910,262,2126,287,8309,618,9361,284,2270,656,262,2646,2831,764,383,9518,4226,550,257,28858,19360,326,373,12824,416,6932,705,82,16655,3478,942,3597,329,1811,37521,82,764,1041,41213,6035
318,262,11550,24716,1505,3715,851,36508,705,82,717,8791,351,17799,764,2893,262,14042,37553,1620,511,2063,2488,12,31,640,8027,284,366,1550,20617,366,837,36508,4329,6481,4259,515,319,17799,764,3862,33019,284,2380,465,366,23291,23365,2569,5328,31707,366,290,36508,6140,284,23857,1096,326,17799,705,82,2854
82,2695,764,4687,88,837,347,3101,290,4789,3111,329,5566,1342,621,511,6678,3965,764,1605,20774,1575,7610,23044,720,1315,1510,284,4439,837,4622,2029,511,13301,2160,764,20442,274,373,523,44455,351,465,717,1115,1528,705,17691,326,339,6492,7170,422,7610,23044,284,27179,1025,262,8188,764,679,531,837
3751,572,511,366,11091,18054,366,764,220,628,198,3831,272,9181,6932,705,82,3092,286,32315,618,3597,262,2646,355,262,1738,329,663,49650,837,287,1948,262,4226,705,82,11800,2458,287,8216,764,18751,531,262,4226,373,366,355,4713,290,18778,366,355,597,286,663,1605,2646,46028,837,290,15342,703
2915,764,679,373,257,1688,15811,287,262,46050,1069,31314,837,262,13854,494,10290,357,262,717,284,2018,6182,284,14457,1267,837,290,262,6182,32760,5834,837,3025,8860,17742,262,2060,2488,12,31,2524,3227,286,2420,2915,373,287,370,1094,321,1474,465,7964,764,1892,477,286,465,33787,279,3577,503,1058
46810,705,82,37769,287,6135,5984,837,351,5133,17517,705,82,5229,852,7986,284,7341,287,7930,837,523,46810,714,12479,5133,17517,764,1375,373,530,286,262,1178,286,46810,705,82,2184,3183,508,11803,262,2121,286,465,13580,764,220,628,198,554,8275,837,46810,6149,257,1862,13459,805,837,1338,15125,837
47056,1141,262,13580,286,49207,357,9225,784,9773,1267,837,1194,848,455,273,4120,287,7229,290,25889,284,262,10600,3681,286,262,22404,260,290,3114,588,46810,475,339,837,1165,837,373,2923,764,22381,812,706,46810,705,82,1918,837,1141,262,13580,286,9666,270,666,837,612,373,257,2368,2181,2194,764
837,262,995,705,82,13325,47043,764,220,628,198,10816,20153,287,1248,2481,2418,13939,1277,3896,422,8602,764,4698,1277,7897,3896,837,11754,837,2831,290,3707,45671,517,621,340,550,287,262,2180,734,10675,764,383,4756,286,262,311,14870,31314,287,1248,3388,35923,1277,3292,290,8062,351,8602,764,220,628
262,13316,290,371,528,282,3250,764,220,628,198,371,528,282,3250,837,635,1900,355,19948,17167,3250,837,318,262,2260,3952,286,262,1499,290,468,281,1989,286,7618,43025,357,12713,16051,1267,837,1642,340,262,4387,7876,3952,287,7229,764,554,262,42057,2191,286,3717,837,371,528,282,3250,1863,351
12,31,352,1267,290,7431,261,2944,82,592,323,23889,357,371,2488,12,31,718,1267,422,8909,8742,837,832,4670,26361,2254,837,510,284,10844,16617,287,1526,1134,1437,764,220,628,198,383,1388,12094,286,262,29911,2351,12950,1322,7363,1626,262,1748,764,1881,40718,20515,1626,12477,31721,318,287,4905,764
36999,9120,728,3619,284,5380,503,5335,290,6044,262,14801,569,696,764,383,14801,569,696,12932,503,3619,837,475,7228,36999,508,9120,728,607,284,2666,3619,764,3619,705,82,3367,318,1568,6686,287,257,3985,5778,290,318,2077,284,262,4436,764,3619,290,36999,10484,284,262,4436,290,1064,5335,837,355
764,554,2693,837,706,21022,1022,19848,290,6441,396,15779,326,2957,284,262,1918,286,257,25310,582,837,3977,2677,837,262,3517,5407,28415,257,705,4167,5858,705,284,13507,577,262,19848,3265,287,262,1989,484,550,4271,6856,764,40065,656,262,1748,7372,547,4838,379,1755,290,661,547,13351,422,6155,319
609,18425,22635,284,3151,262,14935,4120,287,262,12122,10216,14935,287,22372,837,2520,4969,290,379,262,9768,10216,14935,287,15142,837,8602,2162,1123,640,837,19800,705,82,2351,11514,4606,1908,2237,10856,764,5856,262,9768,1830,837,262,399,4503,1908,262,3277,705,82,717,4048,7001,666,764,4619,788,357,290
15712,764,383,7593,3952,318,257,7372,286,4334,837,2568,2488,12,31,18590,2831,764,9754,262,2706,326,2067,511,4560,287,262,7593,3952,389,9453,4669,1689,15336,311,32656,16581,67,837,4332,12136,347,600,15712,311,32656,16581,67,837,290,32468,24310,311,32656,16581,67,764,220,628,198,36486,784,7876,13472
764,13661,422,262,5888,547,3888,656,262,1966,347,9697,2615,764,1550,2808,1737,4751,837,262,347,600,15712,7712,11416,357,347,5631,1267,1171,5888,373,3170,1474,262,347,600,15712,31593,9072,837,543,318,362,10571,357,352,2488,13,31,362,21504,1267,422,262,3240,764,383,1171,5888,468,1115,13737,1058
2813,837,618,339,373,14131,416,25026,360,24910,764,1081,286,1946,837,2957,416,13895,21397,2488,12,31,24386,259,290,360,24910,837,19223,2692,550,6702,7337,2888,12503,837,290,373,262,4387,41953,287,24532,764,220,628,628,198,796,796,12556,2106,796,796,220,628,628,198,10452,3146,286,2679,6771,2540
904,757,837,1708,8774,3530,832,262,8830,1712,636,286,45868,705,82,4318,1597,4783,3161,284,1090,1075,26283,904,379,257,35037,351,13438,291,3530,764,383,12763,2753,319,262,13438,291,3530,1438,355,340,24234,625,23375,13509,290,5667,9436,45868,764,2329,5366,286,262,39459,837,6645,10261,2458,3891,284,347
837,673,925,607,8886,351,262,2260,1074,379,262,42429,5454,287,3945,1853,764,220,628,198,554,3648,837,32145,373,262,6638,2260,22653,8363,31215,2488,12,31,1602,395,4484,8783,764,1375,373,17490,2488,12,31,510,287,3717,837,290,1839,262,6638,2260,27459,757,287,2813,837,1863,351,262,440,344
3724,1141,262,11032,1175,812,837,981,287,17165,2422,2139,393,286,5640,29816,284,2139,764,383,9723,9574,286,9110,389,604,2932,26833,284,3261,2932,35369,329,262,3274,2159,1810,290,513,2693,24414,284,3261,3426,21709,329,262,5498,2159,1810,764,383,886,3128,329,262,3274,2159,1810,2278,318,262,1743,886
16659,547,12006,837,749,286,543,1816,656,2139,351,262,2679,11773,8565,764,3248,1381,286,428,1486,547,635,12228,416,262,2517,305,2488,12,31,27304,8565,357,32670,677,258,3318,509,48863,328,677,258,509,48429,82,42380,393,509,13,84,13,42,13,509,48429,82,42380,1267,290,262,42119,8565,764
274,1267,837,618,339,2497,262,2347,286,10380,23147,832,262,23423,33750,837,339,4721,510,465,7706,1322,329,25523,764,2329,27091,837,262,3517,11026,550,6572,257,1271,286,4141,44304,379,337,364,1288,2488,12,31,509,1765,343,287,1502,284,2948,606,7464,510,287,2679,2832,764,383,1368,837,1141,543
220,628,628,198,796,796,5830,286,370,41615,324,893,41615,707,32615,669,4106,1058,21577,796,796,220,628,628,198,1550,604,2901,21577,837,257,5261,1352,24065,422,28168,19940,9455,1718,572,422,47403,329,4492,764,1550,3096,373,3611,370,41615,324,893,41615,707,32615,669,4106,837,5537,4139,286,12873,705
4260,284,423,587,33941,416,262,604,400,2488,12,31,4289,18026,43737,75,3754,12622,764,220,628,198,317,517,9815,2420,837,25751,284,6901,262,1204,286,399,32775,287,5699,3703,837,318,262,5590,1749,837,416,262,11811,18026,26075,17506,764,383,5590,1749,318,281,1848,286,262,2106,286,10598,9505,1115
