271,283,8137,211388,455,283,73714,8137,211388,455,369,449,6163,4383,1116,12069,321,32385,11745,641,1216,995,264,8376,554,12,31,38095,3364,383,279,12069,3878,561,8333,303,220,17,15,15,15,641,1061,557,7854,539,264,38095,3364,303,279,1432,6056,2305,5158,539,20660,73326,1116,864,557,10345,303,220
854,1116,321,424,5134,328,780,27044,1116,29648,3992,3520,958,314,660,279,384,1856,1340,888,88485,314,264,16629,321,314,660,279,514,263,1605,91005,314,279,3714,3299,1116,27570,421,874,14053,628,3397,15919,641,328,14305,733,780,18458,321,6849,2614,780,4397,1116,15226,28296,557,524,18305,24986,641,733
338,450,5932,8392,847,998,264,6505,314,33818,77,2370,23779,32119,5617,364,279,28936,10452,18463,318,353,41,45,847,2261,4196,4843,353,13,24021,10287,310,381,42151,314,279,36497,90086,53792,523,1116,781,998,72896,1518,7832,5820,641,11396,17199,11354,16229,364,279,30557,314,279,8252,60067,53792,36078,303,220
4945,14960,998,3568,310,279,2169,93178,310,27358,1070,641,357,6505,314,26469,364,279,220,16,17,554,56490,220,22,9666,27317,15881,998,3568,1116,799,383,1754,3008,314,279,4487,2184,7589,1116,303,279,3988,220,16,24,18,15,82,641,561,3807,554,12,31,2444,5757,998,1495,31451,303,279,4937
16,14493,318,220,16,19,554,56490,220,18,15,295,847,321,1496,7538,220,20,7303,220,23,554,56490,220,20,14493,318,220,16,554,56490,220,22,19,295,847,641,1216,1048,5879,26691,7852,303,8693,1116,321,780,1496,2812,51006,513,14338,303,56207,535,561,3712,314,52437,258,654,6075,9541,539
50044,364,506,3140,220,19,15,15,22277,10509,303,42093,641,4781,279,220,22,554,30095,220,24,15,15,8259,65815,11164,539,279,47059,1116,220,19,554,30095,220,18,17,20,2483,12622,494,279,3567,3605,10934,641,60223,303,7999,1116,1048,11164,539,264,3478,47059,1116,10897,66643,303,9303,3655,220,16
641,14305,3095,3299,314,279,20130,421,995,41147,3257,220,16,267,71136,8379,71908,278,24249,1116,47898,11832,279,4722,314,469,321,426,30743,494,220,17,302,14074,19874,321,3106,279,4588,310,1438,220,16,267,71136,321,279,14827,383,279,17531,5459,8574,165547,626,554,12,31,12421,321,351,7931,641,16617
2047,67140,314,279,220,17,302,71136,641,2332,279,1788,854,279,71908,278,3108,1675,7481,310,279,14218,314,411,2234,641,733,411,71908,278,44798,1116,279,220,17,18,6295,62375,19839,264,3878,314,2503,23779,641,4319,484,19698,424,995,310,3502,12247,84038,310,1141,14218,310,2708,40861,1060,4634,67350,494
6730,321,1814,4477,32248,1116,1345,6627,220,17,5183,1543,557,26193,539,11088,34573,20254,1680,430,279,6485,43018,2971,321,279,81651,1116,9437,47647,557,26193,539,8541,956,9041,20254,1680,430,72084,1116,321,1478,4196,2441,81400,557,26193,539,16434,291,25055,345,36096,321,28819,50577,641,45099,375,604,50090,682,978
11252,421,279,4257,314,279,10679,549,327,8526,421,279,17292,557,1495,279,1379,2894,9982,303,43788,36942,641,2985,19695,2279,64462,17199,494,279,9662,1116,321,19423,3154,1070,1475,89707,310,12168,10479,1116,279,17292,9047,310,2915,279,6429,310,12787,264,48603,11894,641,14305,561,80962,5383,65779,539,279,15881,314
310,958,32219,19423,15784,2980,279,809,314,279,12828,641,14305,561,13185,34215,314,279,2086,19423,23702,557,430,10695,535,220,16,20,303,318,220,18,23,16,9186,847,314,75913,10679,557,13185,310,220,16,17,303,318,220,18,15,20,9186,847,314,2892,13983,9229,466,22889,10679,321,9229,19423,1116
321,381,12013,1458,1116,321,421,43438,1220,381,279,5614,314,2696,66924,641,73714,283,283,59995,283,283,73714,733,3665,314,41386,1116,32159,349,11252,421,15230,557,4221,364,660,314,7975,1518,491,2199,1362,3060,641,561,3889,14250,469,25652,3809,557,5617,364,5214,383,1559,4902,4965,1116,694,279,3809,557
321,2093,732,24809,847,1116,466,3315,279,4220,1809,8209,680,1973,9101,866,46734,641,32290,70915,599,8826,6278,84893,5212,430,279,46734,314,1507,35188,3396,3791,82,1116,2361,1809,314,3988,26949,4461,28727,2512,501,936,3396,3791,82,1116,466,1442,430,46734,314,2107,5038,318,440,2093,732,24809,39577,494,501
1000,599,63903,440,1070,641,710,1687,299,1339,350,557,799,314,279,7526,314,279,1363,595,88,445,16463,1116,440,449,12572,4528,314,220,20,15,15,20332,318,220,16,554,30095,220,16,15,15,18296,847,641,73714,283,283,53037,283,283,73714,24021,1116,1507,35188,3396,3791,82,998,20444,3956,310
3791,82,321,975,3988,26949,4461,28727,599,17440,13742,291,524,8266,303,279,1142,314,279,32886,421,2313,1083,279,39359,5364,641,733,2199,1116,279,13742,291,48755,1000,599,978,9469,539,264,37274,2512,279,37105,822,367,1116,864,369,3753,430,264,12977,554,12,31,1040,2982,303,5214,86369,641,561,37105
2980,5869,220,17,1116,220,16,24,23,15,1116,948,279,11921,220,18,16,33,41336,557,6747,641,14305,82007,321,13017,314,11921,220,18,16,33,359,82,4588,28109,557,25193,21711,310,279,29191,424,3804,1472,1116,30007,51008,35735,321,1848,2043,12109,641,561,1118,3644,310,381,21711,557,279,12961,2785
1746,43541,2394,11546,64035,303,279,220,17,15,15,20,3098,321,279,1118,34678,1341,310,599,1923,554,12,31,15262,85869,303,23173,8211,2394,39937,554,12,31,16765,5367,303,279,220,17,15,15,15,3098,641,1216,557,20672,279,4893,8683,7085,314,279,10040,9786,364,279,1936,314,5361,220,17,15
1116,321,264,53492,14555,2222,446,318,1172,220,18,984,847,641,1577,314,3200,303,279,220,17,15,16,20,3098,1116,551,369,11252,310,381,57156,440,279,958,314,264,59526,641,1216,369,1048,3750,364,3322,799,314,279,2577,3608,1783,10480,310,1118,2255,321,369,6306,799,314,279,2577,2002,286
18,15,82,1116,321,279,1330,13122,5924,4627,303,279,220,16,24,21,15,82,641,4213,227362,4269,9945,995,539,220,16,24,19,24,1429,424,1132,303,23407,51290,36353,1518,59311,359,82,961,9860,1116,321,303,2404,26193,780,958,303,328,561,55946,328,314,220,16,24,20,15,641,357,4283
6700,22498,302,5429,19982,641,14305,31728,411,854,1116,279,3567,73819,375,27754,91847,7481,310,6924,1116,10521,310,11587,1024,1765,944,321,421,314,279,975,73819,375,70491,641,91847,557,264,26989,62309,655,494,9893,6483,10326,40733,26584,91847,557,4642,314,24161,3694,494,220,16,24,15,24,554,12,31,220
43950,3055,12537,840,2181,9254,641,8020,799,10142,9047,310,5774,2100,279,43950,641,357,60184,321,264,7458,455,998,33095,383,279,43950,359,82,2919,20618,318,279,8166,5759,303,279,22889,847,321,3571,1172,3807,2502,781,998,11128,310,524,460,3807,321,4970,43492,11128,310,5106,836,2234,383,279,2919,20618
328,279,22869,314,3604,424,440,1024,1116,364,728,1116,513,264,24126,328,641,1216,7246,75497,430,328,16323,22356,328,1116,264,328,3046,21350,328,321,264,328,14201,3611,1602,328,641,1587,73,6510,6725,328,28296,16284,179314,328,430,799,314,279,1379,2894,11338,383,279,7766,641,328,20112,4470,667,1297
15,26516,383,5869,220,16,22,1116,279,84488,24652,31451,279,1785,310,32920,13071,19987,1116,3384,279,13071,14195,803,1657,430,279,604,4680,8308,310,46522,424,430,264,32920,17669,641,14305,44353,5869,220,16,22,279,32920,13071,1000,1495,41014,344,303,7913,1116,12571,303,264,9522,87250,539,279,84488,24652,310
561,36900,8613,14938,5383,321,7190,799,1637,641,65530,15190,71,359,82,6043,998,1691,777,14938,303,5440,641,733,18600,17670,1116,42744,1208,998,15076,321,23443,36900,9721,430,264,1067,314,279,13187,74414,359,82,15484,10849,40525,641,4213,1116,203065,36544,1116,462,456,276,36544,1116,321,62260,11329,998,279,8193
995,61992,9335,2354,641,14305,1848,5589,220,24,1116,203872,76849,20444,264,1785,430,67865,44279,41443,1116,974,279,9422,13255,314,279,24493,641,561,604,4680,1048,25899,31071,9335,2354,1518,24304,1070,2843,383,5589,220,24,641,24095,303,279,2182,1116,203872,76849,25899,10579,9335,2354,383,67865,44279,733,800,383,5589
199724,9790,430,18147,12386,33178,1116,26961,279,5753,5134,494,836,64715,310,279,18147,12386,19825,641,73714,283,283,24016,283,283,73714,733,264,3878,314,24979,494,220,16,23,15,18,554,12,31,220,16,20,3750,430,279,231787,13609,14534,1116,5090,7277,13043,13717,4097,11166,5745,2272,279,5339,8323,19825,641
786,4786,3518,1083,279,3603,430,3106,3884,22339,799,2361,303,279,6121,641,75138,314,41862,276,359,82,5176,3766,866,5689,14218,7374,1852,1116,321,279,2614,6353,279,9376,2859,998,60161,494,279,9897,29199,314,279,11230,3632,1116,1345,781,17852,18158,314,1132,2989,10720,321,1165,35739,244652,383,279,9897,5883
26548,449,16693,54284,10495,387,2112,5296,1083,780,23522,426,554,12,31,220,20,42649,364,279,3063,641,18117,2756,1238,780,23140,303,264,13571,2353,440,561,95262,4263,1116,11282,49916,7544,33129,780,32329,2192,303,264,71751,2353,440,26659,1461,506,279,90734,2216,554,12,31,791,554,12,31,1593,2272,10041
5589,220,19,1116,11282,49916,1801,780,1118,2397,554,12,31,73028,34268,10771,364,32329,2394,780,220,17,15,16,17,460,1116,51331,710,88850,60364,506,561,32080,303,279,6127,3756,1484,303,25358,303,264,3841,10666,4879,2502,551,1048,12238,426,554,12,31,220,20,82,310,60364,359,82,1478,5870,14733
1317,71774,54,2502,1132,1429,2957,303,32329,14305,31169,10480,14305,6627,61955,14305,14356,13362,43398,14305,44608,6045,3379,43398,14305,93861,51284,310,279,14279,359,82,4937,2720,14305,27869,991,2486,25407,14305,93247,554,12,31,310,554,12,31,1142,1116,6807,310,1330,18798,506,2957,14305,16120,4600,359,82,1116,6807,1345
321,1865,4750,1292,369,279,5054,551,2197,303,328,1577,26448,314,279,35510,2699,328,852,5924,264,35510,74,1116,8446,551,18675,310,430,328,8967,529,65921,11035,328,641,1216,28056,70510,46094,421,264,1637,21582,10598,369,449,86985,3047,321,1116,46787,69113,310,780,19507,364,1381,1116,279,18074,2101,6819,303
15,16,20,310,1761,3594,2482,7289,506,423,68626,5183,457,4053,2337,1116,4725,8071,641,7065,10760,314,11292,13398,290,16357,321,799,12982,2968,5194,4314,1172,279,3108,314,67700,22313,20660,27595,26196,1116,279,93926,13717,919,314,2233,13,220,24,21,33377,1116,264,3566,314,34790,8913,5559,318,230513,847,641
26601,641,1049,14195,303,91359,2980,3988,220,16,24,19,18,1116,948,424,557,26380,310,6535,321,3738,919,303,279,88417,25697,430,919,314,220,17,24,337,63978,641,73714,283,283,283,16239,48696,64,283,283,283,73714,8938,314,264,6639,314,6875,4706,12420,303,4937,554,12,31,220,16,24,19
20,15,15,321,220,19,15,15,17501,641,561,11620,195976,4593,1867,14995,383,279,25988,15522,314,11920,2785,279,5134,314,242027,321,14698,76631,1116,449,2982,28043,12805,220,17,22,20,50111,318,220,16,22,16,9217,847,10663,310,9422,321,31291,883,220,16,15,15,50111,318,220,21,17,9217,847
12511,42499,1116,46736,9781,9897,3879,383,1141,1245,1375,3008,641,561,1901,369,29463,32471,321,682,15777,2107,494,55090,321,43472,5383,641,561,551,4834,369,34816,440,264,6505,314,3611,5888,2502,264,48102,290,75969,369,46560,506,279,1142,314,279,1901,6833,321,1330,54799,56001,279,3929,641,357,2716,32435,6356
4121,641,1049,557,9969,303,220,17,15,16,18,310,17836,279,1118,20921,314,279,351,1797,56,9681,314,22555,18157,1116,49436,506,279,7524,641,561,35729,557,264,7932,539,279,2936,314,6054,1322,60224,1528,1116,351,166527,64444,23456,321,11920,16706,2502,424,557,1118,609,26144,303,74393,462,40667,89503,787
220,19,22,1317,220,19,19,35994,641,14209,3130,2512,264,854,680,310,716,685,264,1432,641,33916,12083,28148,279,1432,1562,321,995,37366,443,2922,1116,279,2015,359,82,1786,27298,1116,3289,8366,710,28248,13388,1181,974,264,4034,641,443,2922,38199,279,4776,321,53672,629,11727,505,2597,54631,806,383
36405,641,561,5253,1484,1467,524,7936,866,10817,470,2919,36405,1116,321,411,1189,381,449,26172,421,279,33536,369,524,303,279,1304,314,91459,31879,1116,466,421,279,5253,2660,1467,524,6435,866,9561,641,37201,1116,424,369,3102,421,279,9626,1467,524,42650,344,16739,3213,1083,279,1176,45545,310,32710,344
82,26884,314,1024,9671,7017,32785,321,279,1560,279,7331,2534,1754,975,641,10643,19426,15592,513,1429,310,18459,836,31911,641,3113,279,809,314,279,4383,1116,35913,359,82,3222,383,20817,682,55730,2980,279,1132,2279,1292,682,888,1024,4099,369,79807,359,82,31296,310,1024,641,4115,13,426,1390,82,66516
9637,314,279,426,1390,82,359,1892,279,4588,264,62788,10194,1116,694,20204,1657,321,30043,303,328,8906,7915,328,1116,6187,310,79418,359,82,12229,310,506,3140,2873,424,279,10771,314,264,328,4574,660,554,12,31,3567,13338,328,2502,279,426,1390,82,359,2046,369,42344,303,328,59097,25457,498,321
539,279,3567,3379,641,1049,3816,21346,27463,1116,85241,364,11156,88,1116,207520,321,12468,641,68338,4800,421,328,874,975,220,16,24,24,24,5522,682,53179,494,1680,19565,427,4541,641,328,1049,557,279,1786,554,12,31,3816,2192,506,279,14211,6953,16142,16812,318,71601,847,1116,1332,424,2677,279,8586
310,25899,460,310,4994,321,8290,279,2876,314,780,457,1800,308,12039,1116,1332,279,3626,995,978,13375,14012,539,3807,303,220,16,22,24,24,641,4486,780,460,310,6924,1116,440,279,11779,944,1990,10184,1116,551,321,42980,75346,383,264,6990,314,4357,641,2302,11653,36565,1116,31868,1116,321,28169,1116
13411,263,8883,1116,387,4622,67955,1467,524,23757,1024,9677,2980,1238,4449,52851,2141,359,82,4397,1116,3154,424,16856,421,279,2582,11876,387,4622,67955,1000,381,24547,81180,364,10549,641,4188,6278,48995,44198,537,421,81180,359,82,10993,314,4449,52851,2141,557,27710,539,1024,42450,310,716,12471,598,8883,1755,2630
8524,9687,421,1116,1345,279,9598,321,777,1575,554,12,31,974,7529,29952,81180,359,82,4397,1116,279,4437,90586,557,328,27905,310,279,809,321,7551,1116,364,496,337,78,321,27530,598,8883,2107,3272,424,46088,310,13893,310,836,62583,641,328,14305,81180,359,82,803,557,61551,494,1010,59818,1116,303
35375,2936,314,17163,641,14305,1848,5361,220,17,19,1116,220,16,20,22,16,1116,14712,178013,5196,44362,87842,401,7369,1322,2413,11136,494,1478,17163,318,1381,11920,847,1116,321,1179,58957,5728,314,279,14712,3177,314,54670,430,264,17435,314,1478,17163,440,279,20616,314,264,3177,14403,303,1092,3242,369,279
321,2730,5253,310,279,10509,314,54670,641,561,13117,6930,682,11128,421,279,5415,43140,310,381,66769,4732,279,3177,539,5589,220,17,15,16,20,1116,694,424,4490,310,3258,411,20771,641,1049,369,4862,1602,73298,864,369,3481,310,381,7807,1518,279,1007,220,17,15,16,21,10029,1116,321,6440,599
2243,314,10164,291,3325,847,641,733,1010,5493,1116,5142,303,8500,284,10465,1116,8604,1452,10164,291,3325,513,5243,641,14712,554,12,31,11057,14780,554,12,31,14336,2093,624,299,513,1990,264,5243,28992,31296,321,3728,314,17367,303,279,13959,314,28384,33814,321,58746,308,41952,641,1942,4346,314,569,5459
7366,1116,694,13325,81407,852,20443,1547,1024,310,5106,7366,641,7366,359,82,4292,369,2843,15076,303,264,7020,11095,321,369,4284,310,279,8512,641,7366,321,81407,12601,310,279,8512,321,1423,9938,1116,430,264,27187,1116,29214,888,279,15076,1623,641,81407,369,93844,5028,6618,421,780,1765,9511,557,8337,2757
279,2982,781,995,8334,13668,641,76534,1083,279,3177,11911,998,7629,506,3603,321,1208,998,29980,494,11107,383,3529,13959,641,10022,1010,22469,84365,11330,411,430,5689,1116,1017,557,18654,4082,3777,1208,641,2356,13648,1881,61804,321,16392,5924,777,20125,641,561,40123,2614,279,61008,359,31330,35298,303,5297,220,16
17,15,15,23,641,11615,40640,359,82,11848,11057,314,53442,1116,22035,494,279,3046,1467,524,9138,279,220,16,24,22,21,18266,30911,303,185916,1116,6650,466,279,220,16,24,23,15,18266,30911,303,21717,1116,69762,1116,7643,19249,778,998,3106,310,660,975,3739,1881,220,16,24,21,19,321,220
79593,314,89150,12001,318,66908,847,303,220,17,15,15,23,1116,239708,23639,3512,279,27853,310,7967,278,1573,2770,23770,5367,1116,864,369,7172,220,21,17,50111,318,220,18,24,9217,847,3023,494,239708,23639,641,561,12419,5926,369,264,11911,314,8545,1116,4649,554,12,31,34998,4797,641,20994,279,4948
1116,279,239708,23639,10499,21238,318,417,6151,847,569,6522,557,5617,3043,279,239708,23639,52985,14066,1116,864,369,220,17,12754,318,220,16,554,56490,220,17,9217,847,494,279,6092,641,561,569,6522,682,2250,22371,535,506,30527,322,626,1116,84138,84,1116,321,1297,69391,71,641,73714,283,283,19775,321
557,279,1132,91589,303,48759,641,14305,733,220,16,24,20,17,1116,279,56557,19729,264,799,554,12,31,3255,91589,4599,383,449,4409,220,16,43714,318,220,15,554,56490,220,19,15,6185,847,3234,506,220,17,20,20,15,22359,6476,641,45845,539,11141,321,41676,554,12,31,47026,217252,87968,910
2424,1518,13942,9514,383,30357,6476,364,2361,2424,310,4545,6476,641,11921,220,24,18,10263,9422,1550,1495,1116,2614,4545,6476,1472,279,17942,3444,919,314,91520,359,82,8358,2478,9014,4711,310,2754,4261,51206,1550,506,264,46633,440,26898,291,6476,641,561,25882,4829,383,279,26898,291,6476,803,430,424,47771
1116,203582,9691,877,995,1496,27463,364,279,2119,2790,1116,13775,1116,321,25220,641,2302,1048,1669,279,4477,8800,303,11960,310,279,28855,321,56127,43405,314,1379,15164,403,63682,641,561,14005,1048,14484,1204,279,1746,4786,279,55776,15039,1116,10431,494,1141,6946,16337,1892,203582,9691,877,22217,995,11914,18961,279,6103
15,1578,1116,279,1483,1680,241462,1356,536,3322,978,5617,1238,279,10130,4196,4843,641,73714,283,283,12015,518,6386,321,15563,10003,283,283,73714,561,9364,369,4862,8220,364,279,8308,39855,7372,314,220,16,554,56490,220,22,3410,41205,35967,6079,2393,3492,303,220,16,20,18,5656,321,12805,220,21,22
513,13717,303,1557,40128,1171,641,561,30394,369,264,311,20503,314,4179,968,359,82,70364,28819,440,279,5089,314,1928,14336,494,975,65826,28564,641,1049,557,524,5995,364,264,84293,310,279,18867,3992,1116,694,369,5995,364,777,10530,4007,641,1049,14103,279,7810,5306,314,8540,1472,42966,14336,494,27882,29735
43788,16357,8526,421,1379,469,10349,3045,28564,318,1010,364,685,310,5600,1578,847,995,26241,310,1562,359,2046,359,641,8020,1782,27507,440,7326,6672,998,5252,310,4565,694,424,6348,279,4307,3809,264,5357,314,1602,359,7607,359,539,11227,303,279,3980,4879,641,14305,733,3988,5361,220,16,24,19,15
279,76043,278,5493,2094,279,95385,50017,641,75296,995,978,26380,303,78902,321,32878,383,279,3594,2482,641,6983,2420,2982,314,5638,557,4284,685,440,35454,1116,10106,1116,321,975,7326,16229,641,220,16,21,23,3567,34107,998,49436,303,279,68640,9156,287,506,4634,14471,641,14305,1848,220,23,6492,220,16
310,24637,8883,82012,1116,4611,1116,279,11912,86368,8220,364,279,5041,6239,2272,443,44336,1116,10731,692,8883,357,67206,350,1116,557,359,25364,359,5028,16788,22127,359,82,81049,641,14305,22921,310,279,6639,314,5158,7916,383,411,4031,1116,1691,314,443,44336,359,82,2199,682,14195,38225,641,561,1379,11585,38334
