271,283,8137,211388,455,283,73714,8137,211388,455,369,449,6163,4383,1116,12069
328,383,279,220,17,15,15,21,8961,314,279,12069,3878,1116,52037,1116
1238,551,557,8950,1116,321,551,557,24443,8953,539,780,48381,641,1216,995
626,847,1116,694,551,557,16508,539,279,34446,321,4284,310,41939,359,276
1116,780,15200,19200,1116,321,780,10597,36313,641,73714,283,283,283,10776,283
854,1116,321,424,5134,328,780,27044,1116,29648,3992,3520,958,314,660,279
494,279,12682,314,264,30746,26217,303,10564,641,220,16,16,314,68347,71
1141,22583,1116,21320,69040,321,423,10291,783,565,5309,641,328,42185,1394,328
266,3868,440,264,4927,975,1116,321,50079,61786,28085,13271,364,7017,47776,303
1116,430,328,264,2609,314,2503,944,328,539,66177,1116,430,328,10213,84520
338,450,5932,8392,847,998,264,6505,314,33818,77,2370,23779,32119,5617,364
16610,1441,2843,421,1007,1116,279,353,41,45,46399,279,10456,310,10046,440
73090,22387,279,19403,29379,82,1345,279,3238,554,12,31,7035,73090,22387,279
220,20,81391,318,220,16,554,30095,220,19,23,20,18296,847,321,557
998,6747,321,279,629,37795,1330,554,12,31,29040,382,998,12215,539,16570
4945,14960,998,3568,310,279,2169,93178,310,27358,1070,641,357,6505,314,26469
1049,888,54931,279,55618,321,6946,279,7830,2984,314,279,17199,310,220,17
16,24,16,24,2502,279,2614,1007,1292,31315,76195,440,321,62062,264,74406
2803,5154,18305,94000,17181,4706,321,279,17199,1132,995,264,2702,314,220,16
1142,310,6124,1238,279,3567,33734,53729,279,4725,5440,14593,318,16239,174889,847
16,14493,318,220,16,19,554,56490,220,18,15,295,847,321,1496,7538
39354,47659,17097,998,20364,8047,314,279,3694,314,14209,1116,3384,2107,7036,998
948,781,2197,641,86644,52561,1116,852,557,25057,539,2250,24545,1116,318,29080
17,20,32836,318,220,17,15,16,12754,593,304,847,641,2332,279,854
383,1599,13959,1116,321,17198,95249,9469,279,49199,383,264,2136,18542,3199,641
50044,364,506,3140,220,19,15,15,22277,10509,303,42093,641,4781,279,220
998,524,3133,641,73714,283,283,283,5930,4336,283,283,283,73714,733,8842
2255,314,7852,220,24,19,321,220,18,15,15,13299,318,220,17,22
462,1116,998,1754,310,49437,799,3644,314,8545,5484,15881,1116,799,3644,314
506,345,743,547,1116,1048,2512,8186,284,319,641,458,7931,2496,8379,1141
641,14305,3095,3299,314,279,20130,421,995,41147,3257,220,16,267,71136,8379
1116,279,3000,44013,3644,314,279,12436,51350,7172,3929,554,12,31,1500,7896
23198,310,4449,547,310,6637,16229,22263,1017,2261,279,3603,1116,13064,2843,440
14413,17803,496,3866,9517,1116,852,7190,279,4634,15659,303,1375,554,12,31
4893,9784,59584,494,279,6092,641,4634,67350,998,303,41939,3706,626,421,11129
2047,67140,314,279,220,17,302,71136,641,2332,279,1788,854,279,71908,278
14367,1500,641,561,3474,1489,998,310,381,5698,494,220,17,302,14074,2444
83707,4473,3250,641,73714,283,283,283,4634,15659,28765,283,283,283,73714,561
24,24,22,641,733,780,3286,314,279,7766,1116,1942,30141,359,82,13413
279,1788,1834,430,561,6886,314,318,163649,67,847,27893,8964,1116,264,27734
6730,321,1814,4477,32248,1116,1345,6627,220,17,5183,1543,557,26193,539,11088
21138,506,9117,847,1116,777,25924,19695,20459,1116,321,28926,303,67299,59452,864
10679,6574,1116,1345,524,1602,44641,310,3807,466,42533,12145,2173,286,1040,7339
264,8358,359,6341,14709,359,466,359,6560,19772,3618,359,1116,9101,1599,1822
279,8872,5617,264,51927,5176,314,14367,10679,549,7421,1116,6941,440,3679,15625
11252,421,279,4257,314,279,10679,549,327,8526,421,279,17292,557,1495,279
17,20,1116,220,18,23,321,5326,220,23,16,19008,1116,440,240650,7459
220,16,17,303,318,220,18,15,20,9186,847,1116,694,69321,13538,303
5995,539,20661,21179,692,387,2082,1630,3422,624,535,92747,20661,1116,264,56519
554,12,31,7139,641,561,1822,2781,364,279,8323,958,314,21664,38866,82
310,958,32219,19423,15784,2980,279,809,314,279,12828,641,14305,561,13185,34215
22,15,321,7888,303,220,16,23,22,20,1116,557,264,1558,314,264
279,15717,18463,557,1990,303,1599,41152,15873,310,1141,4499,33683,1116,539,279
1814,1116,30957,303,351,237883,383,220,17,15,5930,220,16,23,21,22
14737,4044,784,1116,264,4607,334,344,17292,10679,549,327,1116,369,383,1593
321,381,12013,1458,1116,321,421,43438,1220,381,279,5614,314,2696,66924,641
279,2812,13236,321,33345,1806,539,279,26217,2980,279,3807,321,279,15537,513
283,283,73714,58407,20833,634,1317,12963,41676,47026,321,7300,314,279,2624,4464
3516,14634,1892,321,430,10897,539,3251,10140,1116,424,557,264,82771,3889,641
864,91853,780,1765,328,1496,10344,314,15200,10903,328,641,1921,7830,32893,29118
321,2093,732,24809,847,1116,466,3315,279,4220,1809,8209,680,1973,9101,866
19423,1116,7643,424,1132,14103,279,4937,1021,314,279,1142,440,1330,14590,6761
449,43697,1363,595,88,445,306,1507,35188,3396,3791,641,14305,35277,342,2305
279,23104,314,2526,84893,5212,641,14305,3113,279,809,314,279,220,16,24
11108,757,321,22044,87598,1068,2094,220,18,15,15,2921,64,1116,3679,5038
1000,599,63903,440,1070,641,710,1687,299,1339,350,557,799,314,279,7526
8259,641,3648,314,279,1118,6979,554,12,31,5281,7574,314,1507,35188,3396
321,1363,595,88,445,16463,513,1381,38710,440,17621,13627,3974,5212,1116,694
667,438,749,1116,781,995,279,5548,310,5227,383,4128,641,24095,1116,85216
4384,1116,11834,1141,3777,1040,1599,84893,5212,635,3242,641,1368,411,557,279
3791,82,321,975,3988,26949,4461,28727,599,17440,13742,291,524,8266,303,279
303,22480,1634,62278,1116,1332,14571,79703,995,401,3736,799,650,6132,321,20188
888,3701,369,1048,6306,641,561,7662,5215,57762,279,8981,2022,314,279,9158
421,32107,310,264,2574,345,554,12,31,1324,641,561,3202,264,32920,30217
220,16,17,3979,1116,3384,411,5728,369,10548,948,10725,79583,369,7783,641
2980,5869,220,17,1116,220,16,24,23,15,1116,948,279,11921,220,18
10721,32951,321,31348,442,283,283,283,73714,1848,220,17,24,6324,220,17
220,18,15,5869,220,17,15,16,20,551,10542,18060,6135,59499,66553,382
46924,1116,551,9272,5387,430,449,20059,1496,2812,20821,303,220,17,15,15
33842,1116,10377,2943,12611,1116,264,4088,1116,321,551,16970,680,4097,641,710
1746,43541,2394,11546,64035,303,279,220,17,15,15,20,3098,321,279,1118
264,2713,1116,1332,551,47356,2250,33842,314,9035,403,4776,2272,279,5655,17790
424,303,279,220,17,15,15,20,3098,321,279,15003,7830,2394,41069,187090
12,31,220,17,21,3098,318,48970,417,391,220766,1116,31142,11023,321,7967
24238,7435,220,17,15,15,12787,403,3098,364,710,53141,654,1116,59951,37112
1116,321,264,53492,14555,2222,446,318,1172,220,18,984,847,641,1577,314
1048,8640,440,975,7233,303,9368,11563,1116,1680,430,10163,95183,364,79748,33997
303,3679,843,41140,303,25592,321,18600,17670,1116,430,1575,430,506,279,12982
82,26809,2341,287,641,73714,283,283,220,16,24,19,24,10877,3878,283
7696,369,3753,430,2414,314,264,11190,11358,554,12,31,401,554,12,31
18,15,82,1116,321,279,1330,13122,5924,4627,303,279,220,16,24,21
28149,3868,314,3870,11795,82,1083,52850,421,513,1801,310,4833,430,413,781
685,310,424,1116,321,1442,23174,1141,10872,430,799,314,279,1379,86131,7574
15849,1116,22934,314,443,2194,10765,303,6924,1116,321,279,2316,314,43490,321
557,11291,641,65405,359,82,5632,4125,4501,1092,3571,310,381,3753,430,328
6700,22498,302,5429,19982,641,14305,31728,411,854,1116,279,3567,73819,375,27754
643,6880,314,279,83454,65405,1647,641,14305,561,9870,314,73819,2074,628,381
220,16,24,24,15,641,30720,1238,13064,310,6312,310,10236,364,780,491
88983,564,13041,1831,264,1353,506,264,11010,78,83593,314,57899,327,786,84
283,73714,1848,279,11129,314,220,19,5869,1116,279,1534,8754,1906,557,10579
43950,3055,12537,840,2181,9254,641,8020,799,10142,9047,310,5774,2100,279,43950
56370,413,279,5488,8308,641,561,2018,321,4688,16382,998,2858,310,11184,1973
1324,318,4097,847,7036,998,6197,1116,2943,7036,33283,974,364,1754,4625,321
1534,3878,1116,4725,8071,59732,310,279,20893,3878,2272,279,199017,641,2532,781
780,3162,11532,440,14212,4948,641,1216,10144,279,12779,314,780,1118,4954,535
328,279,22869,314,3604,424,440,1024,1116,364,728,1116,513,264,24126,328
561,5319,557,1429,539,3567,59682,25817,7135,594,345,364,264,34525,88206,220
561,7766,1048,9207,290,383,17163,1116,18176,1324,220,22,21,641,561,2614
3639,276,1116,10894,9422,314,279,28448,21546,383,5869,220,16,20,641,733
4570,6630,19965,1116,7695,2094,279,24493,641,83508,78361,557,1048,44313,303,279
15,26516,383,5869,220,16,22,1116,279,84488,24652,31451,279,1785,310,32920
26516,279,2614,1834,641,733,1141,2763,17102,1116,279,17669,31961,13569,39481,3879
847,283,283,283,73714,733,3200,3114,1116,449,2982,314,53547,8831,5820,310
1118,310,67865,21190,2285,65,7437,383,5589,220,16,22,1116,321,310,13187
593,304,318,220,20,15,32836,847,321,264,7776,3498,22649,7035,314,220
561,36900,8613,14938,5383,321,7190,799,1637,641,65530,15190,71,359,82,6043
998,7167,321,59190,71384,1238,836,14882,62062,641,1848,279,8193,48331,1116,3619
3194,10291,25087,234,88326,383,5930,220,16,24,641,83583,554,12,31,75095
847,2094,279,854,279,1575,554,12,31,4364,7662,995,16676,310,220,18
14009,279,45071,321,7071,3150,364,279,7803,303,6492,641,73714,283,283,283
995,61992,9335,2354,641,14305,1848,5589,220,24,1116,203872,76849,20444,264,1785
38320,5551,19773,359,82,13498,74414,10035,1116,1220,781,381,42912,310,599,220
314,444,2625,287,1116,41491,67690,314,38356,3232,321,274,8138,3232,1116,264
369,4409,71016,12784,8410,310,5861,2969,39,321,975,33912,1720,641,4962,7302
494,270,789,744,382,321,18470,554,12,31,199562,547,294,3053,1189,381
199724,9790,430,18147,12386,33178,1116,26961,279,5753,5134,494,836,64715,310,279
279,28936,30570,321,9355,2305,314,279,220,16,20,337,321,220,16,22
641,8439,279,220,16,20,337,9018,279,2136,38358,42122,12775,89532,321,279
31,30462,364,3167,15733,279,14367,5883,2502,12456,1116,383,220,24,6492,781
41862,276,310,5373,19941,321,4336,10663,6757,279,6092,314,33361,641,47659,8597
786,4786,3518,1083,279,3603,430,3106,3884,22339,799,2361,303,279,6121,641
12638,1116,279,26644,17432,472,1116,279,17432,472,321,279,12638,314,9564,641
279,17587,6187,494,279,2235,13721,314,28651,977,310,279,13125,1112,314,33361
264,2943,554,12,31,854,32329,318,4196,27190,4612,847,31424,1116,264,4588
364,264,7832,2724,641,14305,11282,49916,17637,61141,4962,5833,1116,1332,551,6141
26548,449,16693,54284,10495,387,2112,5296,1083,780,23522,426,554,12,31,220
780,2192,383,279,1500,2272,1384,641,1061,5879,310,264,25350,8762,2353,506
303,220,17,15,15,17,864,2047,50568,303,1144,314,12603,14399,321,680
35131,321,10342,11248,9215,5411,59490,318,345,7096,847,641,1061,557,11282,49916
45879,93659,1116,38776,81567,69016,1116,321,604,5566,15695,278,847,1518,26659,1461
5589,220,19,1116,11282,49916,1801,780,1118,2397,554,12,31,73028,34268,10771
12226,1116,551,10661,535,14305,1061,369,874,2706,314,16319,2502,424,359,82
4612,2192,1116,13860,1669,11282,49916,303,279,13041,321,42007,1116,328,1394,359
2192,539,42828,46,303,279,1118,4625,641,14305,1848,5869,220,16,16,1116
73714,11282,49916,11876,47162,17326,1116,2577,3750,430,326,470,1116,383,3114,220
1317,71774,54,2502,1132,1429,2957,303,32329,14305,31169,10480,14305,6627,61955,14305
15,18,847,14305,59490,32913,37313,10607,314,37247,318,3124,314,220,17,15
440,4139,279,2315,2663,314,279,2400,436,554,12,31,3644,641,561,2099
466,542,3722,5255,641,14305,1049,1220,381,61901,303,3838,421,279,16935,314
264,3349,11456,554,12,31,9896,23170,303,780,25744,1518,24199,279,2859,310
321,1865,4750,1292,369,279,5054,551,2197,303,328,1577,26448,314,279,35510
18074,30486,685,430,1384,641,93051,266,369,1027,554,12,31,19312,314,279
14362,1116,440,279,58497,314,279,345,7142,1580,359,82,1308,554,12,31
524,599,978,15156,364,15855,21091,1116,694,8632,1691,364,6985,303,854,364
22428,539,48315,13,220,16,16,321,220,17,15,33559,24795,998,21711,310
15,16,20,310,1761,3594,2482,7289,506,423,68626,5183,457,4053,2337,1116
28699,3742,264,220,17,554,12,31,29040,261,220,19,15,554,12,31
279,345,16855,1077,557,6306,310,381,44529,641,1061,5307,1189,599,12495,279
1116,1680,430,279,12230,6127,321,4634,9871,641,73714,283,283,86223,3712,283
421,91359,1220,381,23598,430,17958,430,3102,310,22380,279,2548,314,6543,211856
26601,641,1049,14195,303,91359,2980,3988,220,16,24,19,18,1116,948,424
279,220,21,337,6350,46729,63978,310,4128,303,279,2018,11554,641,14305,561
3008,45116,310,220,16,22,2463,82324,408,318,220,15,554,56490,220,21
1116,551,1189,5106,539,7842,780,42413,26845,359,5843,18452,1116,321,668,460
77098,47351,535,353,10373,54665,17193,641,73714,283,283,73353,283,283,73714,3297
20,15,15,321,220,19,15,15,17501,641,561,11620,195976,4593,1867,14995
4222,421,781,998,56182,314,5214,318,466,5742,41205,847,57874,1575,3750,310
14910,3102,641,69128,57587,314,279,25988,314,11920,321,303,14367,1725,84,5262
321,10633,220,16,554,56490,220,23,18,35058,318,220,21,554,56490,220
7810,28945,421,14255,1441,3808,279,15725,6835,641,4081,220277,1943,513,42912,310
12511,42499,1116,46736,9781,9897,3879,383,1141,1245,1375,3008,641,561,1901,369
369,264,3349,2315,28115,264,2250,554,12,31,310,290,4330,440,1248,38522
12965,220,16,554,56490,220,24,23,35058,318,220,21,554,56490,220,20
554,56490,220,19,20,35058,318,220,19,554,56490,220,23,10169,847,1496
35058,318,220,20,554,56490,220,16,10169,847,5365,641,8639,279,9989,494
4121,641,1049,557,9969,303,220,17,15,16,18,310,17836,279,1118,20921
17206,33916,13538,685,303,1799,880,7669,1116,20930,1116,1332,551,7633,780,2854
303,264,4099,359,82,29640,321,3738,264,2531,506,7905,30976,17216,274,310
411,1248,554,12,31,4496,8855,310,599,16541,2962,310,2895,1004,1957,1116
220,17,15,16,15,32059,15654,1116,321,7888,264,220,17,15,1317,220
220,19,22,1317,220,19,19,35994,641,14209,3130,2512,264,854,680,310
15965,4107,91919,31466,7003,1116,5315,35994,1000,381,328,1245,685,1017,1116,2233
279,3098,440,264,220,19,23,1317,220,18,19,3150,641,1848,5361,220
279,975,781,14290,359,83,3753,430,2172,4078,641,1921,781,660,995,514
318,220,17,15,15,23,1116,220,17,15,15,24,1116,220,17,15
36405,641,561,5253,1484,1467,524,7936,866,10817,470,2919,36405,1116,321,411
380,6933,16434,28211,847,641,1473,76036,417,5830,1027,554,12,31,9467,430
1740,1116,264,220,16,24,22,15,38451,17045,6438,21892,1116,321,8211,3133
82,804,6259,369,279,11190,4649,328,421,11168,314,1208,2113,1083,1141,5492
1593,279,4383,321,1141,39457,4562,328,641,16410,411,22833,314,79807,359,82
82,26884,314,1024,9671,7017,32785,321,279,1560,279,7331,2534,1754,975,641
364,1384,7249,641,328,1848,35461,328,1892,864,5529,264,20066,50359,310,279
13468,11330,641,733,279,1788,1007,1116,207520,318,1179,264,25852,7300,847,65966
5148,1518,264,7300,995,978,20789,641,22044,61444,1048,5064,264,94063,310,4115
639,303,73935,539,264,5418,3542,641,207520,6273,424,3514,10506,79807,359,82
9637,314,279,426,1390,82,359,1892,279,4588,264,62788,10194,1116,694,20204
1092,488,359,265,7169,883,1116,4338,10033,424,641,359,328,14305,207520,19923
42573,30527,1461,303,279,1432,561,8432,10110,2261,829,21924,383,3567,29586,1116
1116,92400,1116,321,1814,4477,22591,641,53753,1048,1429,13934,4477,321,383,328
328,34590,328,4523,1116,321,6973,18652,303,9564,1116,14898,1116,33741,1116,28169
539,279,3567,3379,641,1049,3816,21346,27463,1116,85241,364,11156,88,1116,207520
2790,430,609,4623,1116,321,1018,279,43405,557,1603,506,6611,328,56488,5373
18,23,984,777,12507,3433,303,68338,1056,13860,86546,641,1848,5297,220,17
1521,1599,436,45529,375,20527,995,27968,20737,641,46909,359,82,7982,5064,436
303,554,12,31,2253,557,264,7300,641,46909,5387,557,15811,310,1141,4331
310,25899,460,310,4994,321,8290,279,2876,314,780,457,1800,308,12039,1116
22,321,220,16,23,15,23,2272,264,15589,40554,314,9078,2074,303,279
12893,318,6483,4614,551,557,494,220,16,23,15,21,310,220,16,23
43759,310,279,6127,318,1010,13416,1683,326,13411,263,8883,18675,310,5963,350
13411,263,8883,2502,81180,5924,33178,506,279,4092,314,220,16,22,948,279
13411,263,8883,1116,387,4622,67955,1467,524,23757,1024,9677,2980,1238,4449,52851
50016,1220,599,279,1245,314,5593,10430,10963,641,81180,7021,279,26642,5498,321
303,220,23,15,641,14305,1049,557,1018,539,326,13411,263,8883,321,24637
1068,16355,314,2331,205694,1885,641,13364,1116,21047,321,4130,337,667,998,506
1179,20701,290,440,279,4374,314,47629,310,4130,337,667,1116,20592,5387,5028
8524,9687,421,1116,1345,279,9598,321,777,1575,554,12,31,974,7529,29952
12594,303,836,68595,314,81180,641,14305,357,22241,314,975,7916,1048,884,264
220,16,16,22,847,369,279,1379,11346,321,15352,3712,383,279,5728,314
1116,328,279,1678,1099,314,780,6351,1116,852,5387,318,1442,847,411,11148
278,1528,314,3135,91937,1116,9272,310,94413,345,33814,641,3114,8126,6161,995
35375,2936,314,17163,641,14305,1848,5361,220,17,19,1116,220,16,20,22
29080,7166,57646,13866,54670,449,1724,3177,310,5190,4473,4397,321,18676,2502,8552
557,39727,539,14403,269,33481,1615,2084,4219,383,220,17,15,15,23,888
641,14305,9029,1769,1116,54670,369,4062,440,220,21,310,220,22,13187,734
279,1379,27044,440,220,21,23,554,30095,220,17,21,21,38358,791,12754
321,2730,5253,310,279,10509,314,54670,641,561,13117,6930,682,11128,421,279
4424,513,3753,430,45743,91233,364,1141,6310,641,73714,283,283,283,28019,18090
359,22693,314,279,24493,1116,279,9716,2407,314,279,60314,30298,1886,359,2347
1432,506,279,3177,1116,694,279,54292,44936,9728,1381,9687,836,3739,506,219655
535,220,17,21,20,554,30095,220,15,19,21,847,14103,87073,278,499
2243,314,10164,291,3325,847,641,733,1010,5493,1116,5142,303,8500,284,10465
847,7172,506,58746,308,41952,1116,321,64267,401,54670,7172,1066,4732,279,288
2892,6475,11040,314,8330,18698,1116,466,513,45239,8513,440,264,2342,8330,18698
279,61429,641,733,836,220,16,24,24,21,8338,12347,310,279,10606,977
16940,314,3349,6474,357,13,3474,82212,72176,557,46683,440,60847,67688,2502,279
7366,1116,694,13325,81407,852,20443,1547,1024,310,5106,7366,641,7366,359,82
12,31,1834,47356,7796,1881,10509,321,279,423,5287,641,1848,220,16,19
985,321,380,8036,7208,847,321,279,5832,557,310,1831,279,14774,382,4613
314,27318,78967,3078,641,9784,18816,310,6338,279,24923,1142,1083,279,40174,2835
359,8649,32703,359,557,13717,310,10000,2253,321,1906,641,3095,279,7607,5211
279,2982,781,995,8334,13668,641,76534,1083,279,3177,11911,998,7629,506,3603
17974,496,359,35,2194,1296,1116,264,414,5232,8693,261,321,16430,14227,6953
16484,641,1216,557,9297,12215,539,495,554,12,31,8967,10686,391,65653,10716
1848,3114,220,17,17,1116,220,17,15,15,21,279,1118,3074,494,279
3184,279,1814,524,1132,1204,1691,1292,6568,728,1116,694,1204,1691,1292,3254
17,15,15,23,641,11615,40640,359,82,11848,11057,314,53442,1116,22035,494
220,24,337,16627,318,6807,357,4130,4793,518,1478,61622,359,82,2651,314
523,641,1216,1048,10036,421,279,2961,314,411,15840,557,264,14801,7792,314
369,1048,264,27853,310,7967,278,1573,2770,23770,5367,641,14305,20994,279,28992
19,1172,279,4944,314,351,13,457,13,40814,1116,264,20457,321,16366,43017
79593,314,89150,12001,318,66908,847,303,220,17,15,15,23,1116,239708,23639
303,279,6092,641,1188,24271,446,13148,79704,852,5746,11533,22226,599,8613,264
17305,318,326,16190,47,847,1116,32616,3750,430,239708,23639,4404,768,15070,32961
239708,23639,5597,21238,557,9272,303,220,16,24,23,16,641,1049,3727,2548
23639,513,535,1297,69391,71,1116,32394,276,1116,11274,512,1116,38231,2770,1116
1116,279,239708,23639,10499,21238,318,417,6151,847,569,6522,557,5617,3043,279
3947,383,220,16,23,3114,220,16,24,24,16,1116,2261,279,95641,4843
41738,9897,314,85567,30441,9101,82302,298,3947,2255,310,279,1799,81,51099,71136
8961,3816,9712,6572,8120,494,12069,21993,1116,440,1599,77797,279,1105,554,12
6775,314,279,1822,6868,321,279,1146,31711,314,21857,321,41626,641,1216,35172
557,279,1132,91589,303,48759,641,14305,733,220,16,24,20,17,1116,279
17,279,43666,3492,2047,1116,50474,491,32800,321,22413,836,1765,29575,7964,1116
318,3242,393,220,22,19,15,554,30095,220,15,15,15,847,1116,321
220,18,16,1066,9422,314,279,3177,314,15240,395,1116,321,11921,220,22
18,9257,9514,1550,3055,279,6092,1500,1116,9722,4874,310,65662,9254,506,449
2424,1518,13942,9514,383,30357,6476,364,2361,2424,310,4545,6476,641,11921,220
91520,9254,303,15717,752,641,561,12961,314,91520,9254,318,11921,220,24,18
16239,7052,69311,7289,383,2748,303,21801,852,995,272,2282,10537,942,539,264
847,1048,20444,424,430,67865,44279,220,17,24,54,641,3113,421,854,1116
321,1483,303,4634,4994,303,220,16,24,24,21,641,14305,9988,382,6306
1116,203582,9691,877,995,1496,27463,364,279,2119,2790,1116,13775,1116,321,25220
20208,287,321,978,63166,680,314,821,10183,264,2342,2942,1116,328,1292,384
279,7607,641,561,8323,2936,7003,1172,279,2876,421,241462,1356,536,29299,3529
364,1141,15694,641,73714,283,283,283,5339,241462,1356,536,321,15563,10003,310
4434,440,6522,1116,321,16887,29142,321,73344,24414,1892,430,1141,36665,310,2859
15,1578,1116,279,1483,1680,241462,1356,536,3322,978,5617,1238,279,10130,4196
416,1116,321,43490,8881,287,641,73714,283,283,283,56504,2790,283,283,283
3447,513,3750,369,328,357,50665,314,279,8252,4843,3750,28389,4124,328,641
11687,369,18795,539,264,7300,321,369,8220,364,9338,318,2583,279,12552,314
501,554,12,31,57298,319,1116,9338,440,279,35967,14426,1602,26533,311,10914
513,13717,303,1557,40128,1171,641,561,30394,369,264,311,20503,314,4179,968
28279,35173,261,554,12,31,5617,30592,3571,303,220,17,17,2795,82324,408
279,70577,82,1467,524,599,3213,2279,310,31413,1441,19695,382,1345,55619,321
1116,70577,554,12,31,220,22,1116,70577,554,12,31,220,23,1116,321
31,54871,18463,279,3856,70577,353,30592,998,3750,430,279,533,554,12,31
43788,16357,8526,421,1379,469,10349,3045,28564,318,1010,364,685,310,5600,1578
554,30095,220,19,16,22,295,847,641,561,4128,311,31891,62093,6757,279
303,7472,539,279,1165,3943,206939,303,279,7094,321,40297,314,220,16,24
310,15043,264,10172,15784,449,58708,24834,8026,641,12908,4621,4490,948,1755,1322
17925,21,8619,6009,49956,11528,64533,1223,554,12,31,4130,856,641,22584,3272
279,76043,278,5493,2094,279,95385,50017,641,75296,995,978,26380,303,78902,321
4054,279,6639,314,26396,430,264,13613,2781,364,279,30056,641,1577,3200,430
780,55958,8826,6600,279,41908,641,14305,10235,310,279,18143,37962,68843,1116,81180
449,16856,8871,383,2605,314,780,4092,321,7234,2730,1116,443,44336,557,6306
283,43643,314,48015,283,283,283,73714,17187,443,44336,359,82,10633,310,6922
310,24637,8883,82012,1116,4611,1116,279,11912,86368,8220,364,279,5041,6239,2272
803,1116,28404,364,279,4034,539,19857,268,321,73301,44570,641,1049,10426,279
7145,3078,641,561,1746,10263,680,310,381,1740,315,3896,77684,1116,524,7087
1345,303,264,2250,6349,39336,369,1990,3559,48970,641,3095,39336,369,95588,888
295,614,2944,554,12,31,40071,328,1116,36563,1669,421,561,82498,1482,328
