1116,446,6356,389,9226,352,446,38028,16506,6356,389,9226,352,314,354,2321
38,5473,3297,6955,17523,5465,1316,621,912,4329,389,9226,352,347,582,282
20334,8991,2481,1673,533,1916,1029,3297,384,2500,3930,288,4523,288,260,3575
411,260,11113,1673,216,16506,533,216,39,37,38,3297,12702,2273,9819,106
637,99,1806,553,4782,335,650,1837,2588,282,1463,3297,650,5842,6239,3297
18555,637,99,11657,359,2500,411,800,6546,12815,288,325,1486,260,6250,282
6549,476,7220,411,13300,18555,476,281,480,4478,1813,1673,678,18278,870,637
476,314,354,614,15727,1149,1139,4956,351,6318,2165,8544,260,21439,2202,253
476,39653,1206,476,436,876,3656,411,3912,2477,12815,3297,617,41850,335,624
22446,70,6231,5473,1673,216,16506,44638,411,4745,216,34,32,33,34,3297
24600,1463,446,446,216,22342,1116,16506,446,339,313,3394,29,48,1128,11763
418,2268,1673,4651,282,2536,10195,3297,805,1876,5182,43622,18359,284,253,2244
827,38843,39227,351,216,35,3394,30,48,216,36,34,41,3394,29,48
347,624,5682,2678,856,441,325,19400,1673,378,692,11458,6958,282,260,12466
282,2892,282,216,34,32,32,20840,567,8427,1673,378,6455,282,216,33
411,2267,260,2938,1845,7647,366,355,43123,2837,6907,282,216,38,355,216
281,2481,418,260,26429,1673,657,48603,2280,260,26429,284,2420,260,3043,3519
282,260,216,33,302,28552,1673,7925,18278,8662,761,354,14380,281,582,282
373,19393,5097,6404,436,4331,338,1142,1194,284,4858,624,808,47019,481,29941
260,1547,11961,28552,335,7591,281,1218,3973,1787,284,5677,3275,338,29409,827
216,33,41,36,36,281,1062,260,7419,1830,216,36,38,3282,216,33
441,9199,2061,1673,1423,3297,357,314,7699,2437,338,7807,1781,608,366,282
216,35,39,282,650,929,281,26264,1673,2736,6221,3297,260,4302,12405,18803
34,36,6381,2481,3297,527,436,3764,670,3049,1673,2550,47294,3297,260,18426
18355,1740,1673,2015,6123,969,284,8807,3626,3297,5199,19319,3297,592,11555,355
7162,5847,216,33,37,2009,588,502,856,5948,480,21022,6429,338,6641,1673
10916,7207,592,298,9660,429,623,42069,3297,260,808,655,281,260,1913,480
351,827,20681,3031,6287,282,330,6721,3297,216,41,373,23512,3297,3408,253
3297,582,3246,282,216,40,33,3394,29,48,7610,30,5611,954,3297,284
3297,1285,260,2727,15696,284,4056,14793,637,99,47695,617,761,9637,260,3075
13398,284,2362,260,4302,288,724,216,33,302,27570,284,260,6791,335,260
284,1135,1181,3523,10742,4729,8888,1673,378,3433,3394,29,48,1761,43262,282
3680,338,253,2601,10916,3075,10559,6648,418,624,3159,1673,378,2727,5380,623
17657,637,99,25096,284,3675,17607,1793,3605,1673,378,3746,6341,2892,5657,897
288,32964,1673,216,16506,11313,16928,34061,281,260,7323,282,260,2038,216,35
1443,4158,1890,282,718,24947,276,990,253,3424,4626,13107,284,22642,282,260
216,34,268,27522,35393,27570,3297,21649,282,260,216,33,302,27570,3297,216
2848,282,8092,2979,1673,38028,16506,446,446,2550,8898,446,446,38028,16506,378
3297,564,357,436,597,3105,260,9250,2775,338,856,457,5024,1673,933,4563
325,6939,480,17956,2025,429,260,5975,281,9846,22367,3318,3297,2267,1673,476
36,816,1574,2481,216,16506,11187,26006,365,29083,28279,1491,2481,1841,26880,365
11763,4452,355,36117,2653,18359,1673,38028,16506,446,446,378,4688,497,344,446
3297,284,335,216,33,39,4185,216,33,40,37,36,3297,260,3432,25670
7158,3297,6054,3297,284,7476,592,597,2194,4688,497,6287,1673,1423,3297,260
260,14954,1673,2018,592,282,8490,1157,3297,634,540,3424,670,1449,3297,284
2390,719,30283,411,15327,2803,15906,288,325,3984,1673,216,16506,378,23576,282
787,8425,282,421,26953,281,260,6341,327,298,3394,29,48,15299,3297,355
282,451,1502,1673,4651,480,23812,436,588,4591,3297,502,856,805,3631,253
29,48,2291,637,3297,9543,618,260,6615,26466,282,260,622,3394,29,48
1376,327,3901,1673,25117,288,4688,3297,6752,2518,327,2852,7767,4299,327,253
29,48,2045,4688,497,6287,4891,283,7185,284,38203,702,480,10091,28889,3297
451,817,436,4889,804,1793,260,5887,282,260,9403,18399,281,260,3921,3394
457,3112,4642,260,17662,3297,327,260,19095,2938,4688,497,6287,983,357,2807
2994,9436,282,260,2867,22087,24574,1673,378,339,58,62,3675,288,799,624
3297,564,451,416,325,7666,411,44037,260,4431,282,260,1896,1673,10043,260
282,1461,15583,3297,1285,33980,3297,29509,3297,12987,1457,3297,284,1449,1673,1550
455,2322,41163,382,347,12285,1673,38028,16506,446,446,19212,7127,446,446,38028
4732,5375,3685,281,253,38808,621,281,40481,36619,8544,384,7238,260,4732,288
8743,357,476,253,13936,5955,284,17279,11834,3562,3297,253,5882,6778,27366,429
282,36215,284,3092,47605,284,919,601,2395,2477,1673,476,216,16506,48586,12658
1755,292,781,3297,284,843,1095,2610,781,3297,338,457,2452,281,634,1356
1837,16129,282,800,412,1503,269,10653,1356,94,1821,36391,99,3917,601,288
418,260,33593,282,260,10807,20615,8544,284,2276,25712,281,260,14027,338,592
49086,637,99,452,8123,34512,6710,284,4358,30912,17549,81,6641,578,282,722
592,7238,411,260,19701,47509,1035,1887,5304,371,12454,12963,1673,5304,371,12454
4616,338,1135,6957,94,1821,847,105,1418,253,42782,1577,253,4914,418,260
87,395,603,291,39414,284,260,768,6435,1356,94,1821,36391,99,3297,260
48,702,1680,284,35606,5440,3394,29,48,702,1248,1673,657,436,2275,288
1673,378,15447,2734,282,1165,26113,351,5607,16397,338,359,3105,3507,478,462
1486,12357,3297,564,260,3096,282,1733,12462,1375,9309,2490,2717,4567,338,623
33,33,40,36,3297,4012,908,990,216,33,33,41,36,1673,38028,16506
38,41,284,216,33,41,40,36,411,38690,422,37291,494,2481,314,253
2188,8381,1673,1094,16296,8304,11195,314,1770,327,253,36860,351,253,6178,3323
99,8381,1673,216,16506,378,26451,3774,327,39222,29979,6124,365,19752,5247,67
216,33,37,49,1673,12182,216,35,33,50,3675,335,3297,43265,1545,1679
429,2582,3518,3297,1797,8976,767,281,15505,288,1238,1523,46259,335,216,34
3394,29,48,578,9970,690,428,949,4256,1797,281,260,808,5075,282,260
34,32,33,36,12064,1673,216,16506,5112,260,1955,3297,659,366,30784,314
909,436,20783,335,4185,216,34,34,1673,38028,16506,446,446,446,10677,11900
909,23712,650,808,4795,2994,3133,6873,447,335,4448,216,33,36,3297,216
260,1850,282,216,34,36,3297,12146,717,5187,10062,1673,216,16506,2550,260
216,34,3394,30,48,216,39,32,418,260,655,436,260,11397,1450,282
1673,659,366,30784,436,216,38,3394,29,48,216,32,351,354,216,32
1796,20556,3212,34042,288,3470,338,1489,1673,659,366,30784,3763,650,15708,4795
564,436,7168,288,11866,281,260,3133,1568,288,650,5128,1673,1985,4185,216
659,366,30784,1278,979,281,32388,1673,1626,9377,650,3491,3297,659,366,30784
99,8360,761,4242,3297,284,9133,4508,436,15213,874,655,826,8590,22062,284
1512,1325,20554,1673,216,16506,9413,17376,436,260,808,282,30410,637,99,9843
284,7067,768,16573,281,334,1299,95,46604,284,47889,10357,1673,378,1695,5738
282,260,9844,282,260,4388,3297,351,511,260,14797,282,260,9844,282,260
260,3685,6847,1673,533,11065,3297,384,1137,338,384,3680,21115,281,22010,5415
2426,738,540,9964,1530,3297,284,761,983,253,970,282,11513,260,1205,2619
1083,282,650,1439,288,260,26644,22660,284,2385,327,260,3632,3297,6216,4543
281,3415,4963,21174,2859,3297,2117,334,1207,16147,3297,354,1384,338,377,620
6080,429,650,3685,3297,3000,3394,29,48,40419,663,3394,29,48,7220,3997
48,2070,7900,1673,216,16506,3513,260,15583,617,592,2587,281,260,1461,25451
282,2531,10424,3394,29,48,216,36,38,6427,25104,33967,971,34193,260,44599
3394,29,48,17118,327,260,44599,8568,637,99,1085,10166,1673,1985,260,5738
33967,1673,216,16506,13408,2585,281,28986,347,260,7761,3363,20579,3297,351,253
11847,4699,3297,284,260,25115,11318,7323,365,44414,74,2481,216,16506,260,410
5989,761,288,325,6792,618,288,325,4935,1673,13391,7751,592,4294,281,260
216,34,34,268,655,260,1661,81,32006,35557,761,719,12090,288,253,15953
378,1695,5075,3680,2582,4617,3475,322,253,2548,281,260,1501,781,3297,4435
1022,2244,3297,476,3906,2438,270,476,3297,2163,253,4713,1624,281,1545,5671
3906,2438,270,476,365,527,436,857,3394,29,48,2855,351,30637,2481,1673
1673,38028,16506,446,446,7575,735,446,446,38028,16506,378,808,2244,429,1218
2323,1010,85,2802,5287,418,260,1466,282,260,8593,4265,8992,5671,19726,6245
3297,971,4956,314,253,4776,2050,338,3419,288,457,787,1112,3297,975,357
2376,4764,281,260,1695,2704,17147,260,23003,1528,288,2268,1163,3467,480,22400
12862,1673,1423,3297,827,3297,659,1175,3231,284,377,13025,3297,5388,25716,2509
3792,6080,277,618,354,993,6095,6841,36860,335,4124,216,34,37,3297,527
284,253,2753,9007,2456,282,216,41,40,32,283,6299,365,294,28694,8544
216,32,38,32,32,31493,335,4019,216,33,40,3297,260,530,68,28827
4859,347,357,4935,1699,260,3466,13933,335,4185,216,33,39,1673,15054,4138
11113,284,11228,2952,38587,3297,2755,335,44333,91,3755,95,1673,12572,3641,3297
22706,13300,90,9819,3297,284,338,1194,377,6801,2211,49,2585,26558,6271,1275
42306,281,2582,9096,3297,14242,837,357,4935,32900,1673,6234,99,281,21655,276
3297,1092,354,14507,29936,2952,260,25716,2509,288,17609,19449,959,1673,378,33106
21906,288,260,6251,3297,260,4859,29773,618,23208,22706,8385,270,335,4451,216
343,89,418,2685,284,426,10117,5378,1673,1985,1062,8588,3297,260,25716,2509
4451,3297,260,30351,29936,42832,253,8941,4859,281,260,10352,282,16704,3297,527
253,3175,282,13207,491,3297,1285,11189,22910,2668,309,282,430,308,660,3297
253,1833,15920,20136,314,43712,281,260,4313,282,18080,2772,2668,18495,537,288
446,446,446,38028,16506,3017,15860,270,3409,3263,1437,337,311,884,359,1343
17906,1153,3297,656,3588,282,28239,38288,477,17906,1153,1673,533,12460,260,19600
302,22500,282,8908,8869,3297,599,282,10669,261,637,99,13564,34851,12940,3297
422,7170,723,9924,1673,378,13592,761,5019,347,253,6411,327,7778,339,282
281,260,1671,282,16623,1673,533,451,3062,659,316,15579,749,11268,18252,288
502,736,457,787,4622,564,288,17676,423,270,5437,1673,1626,2381,260,1624
284,260,6260,1898,12586,601,429,2498,5163,282,480,2203,1673,657,436,422
1153,761,1673,533,13441,260,5182,284,624,20761,3297,10891,457,8259,260,14060
20220,23683,281,216,33,40,32,38,3297,281,527,14171,1250,441,6390,1673
1673,378,34691,16911,1250,441,1188,599,281,260,6755,1673,216,16506,19600,23512
1673,909,553,1680,19402,3824,2290,3394,29,48,567,3394,29,48,1737,2466
12409,53,36167,974,1675,650,34053,365,216,33,34,38,2009,2481,2893,805
1673,669,45358,15342,32712,284,5657,39807,284,15342,32712,288,43330,769,260,9199
368,3297,351,19103,1483,4990,253,10900,24423,11712,284,253,2802,9947,21169,18735
4450,216,33,35,3297,12409,53,2268,1163,16221,354,2857,3682,1523,15342,32712
29849,12409,53,1673,909,1916,8195,253,24503,1523,12409,53,327,20952,282,4214
6743,418,15937,67,4130,327,260,12409,53,2260,26016,5690,36167,974,1673,1814
99,1793,502,592,1062,12353,411,378,15108,2192,7862,1673,1814,260,7598,428
216,33,13246,1673,2736,808,3568,436,13831,1523,14387,89,14469,3394,29,48
1673,1985,4745,216,33,36,3297,418,260,514,12236,216,33,32,37,1681
288,260,514,12236,3297,384,4592,476,8582,1109,564,1488,436,14258,16037,476
32231,284,907,216,36,281,511,282,4004,281,21024,34113,1673,38028,16506,446
22342,16506,446,446,446,1712,4793,6149,34113,446,446,446,38028,16506,2071,1712
827,44172,592,347,2788,12409,53,48546,3297,979,650,3403,582,436,347,12409
10654,338,501,314,260,11827,1685,282,1777,89,347,260,2203,282,260,3246
378,40097,7285,22568,476,1673,909,314,5657,578,282,14959,288,8657,11965,3297
17590,338,585,384,43917,874,3500,3297,1041,523,6616,638,288,3795,351,260
1646,8092,8185,281,22962,2242,476,3297,12634,288,365,284,6482,4054,281,5522
2322,476,8544,3898,327,253,5453,2422,95,418,260,1112,282,476,378,16200
14738,3297,4167,281,8629,327,260,3163,1673,657,597,3656,354,2590,27270,11454
2139,16922,5118,335,216,34,33,4451,216,34,32,33,35,411,42428,28095
282,260,713,3680,253,2852,1593,335,3163,23021,1673,3569,18350,216,34,37
38028,16506,378,9017,33092,48193,21739,365,330,33,39,2481,3297,597,1343,347
30435,582,4320,288,1607,260,7837,8544,260,12272,817,282,6939,436,2724,288
4112,656,1421,3297,736,325,804,288,3317,253,2244,27400,98,818,7837,355
1584,216,33,41,36,34,3297,3249,253,38022,282,216,34,32,27400,98
1577,216,35,32,335,216,37,2405,3297,351,216,37,12861,95,11318,418
4962,27400,98,818,99,1486,624,550,6110,1673,378,2723,4654,2585,2534,3297
260,42067,367,31177,293,1557,284,2662,31685,10680,1673,2550,15572,351,260,31443
11396,411,19545,44646,2347,3297,284,436,2724,288,1167,253,7837,288,637,7234
260,9908,4141,429,260,4971,3297,18494,5634,650,3179,281,34949,6839,3297,351
4403,281,260,3133,3297,347,876,347,260,6941,282,634,1825,284,15909,1673
16506,2015,282,260,42809,37420,637,15824,2395,288,457,5019,3320,3691,1673,378
378,2262,282,971,35915,1680,1251,457,719,5054,8176,3297,1836,260,3867,2309
457,719,13841,418,4653,44278,284,418,4653,41990,281,19653,292,1881,1673,9275
1972,288,6500,354,28341,555,351,260,27977,935,821,618,253,275,2697,1673
476,40702,476,457,1296,30749,971,8544,1041,14316,601,347,260,30749,282,253
253,544,39305,355,354,22261,1673,657,553,253,1680,5640,284,253,3114,338
1985,971,2103,282,260,12248,253,41844,47838,429,260,1680,84,560,3297,7685
1673,1032,351,260,550,8648,281,260,1528,3297,624,13753,2468,553,719,44370
3906,42522,542,18051,2141,288,32689,17566,693,5825,1673,378,1680,436,5932,9666
429,312,375,42693,2346,284,260,5145,27641,706,9413,1673,378,550,312,375
20534,1673,216,22342,16506,446,15197,29119,446,38028,16506,32964,11360,476,15197,476
1125,281,7532,282,15116,39097,366,8246,942,1057,519,13988,1673,3897,650,46892
18583,6510,29503,48979,3297,24534,1272,288,4058,429,1127,1673,48979,3297,1953,4957
377,2797,276,30442,327,260,1796,5173,713,284,436,3365,260,36733,12406,37815
3133,436,2800,2126,3297,564,26573,6942,29712,216,37,36,816,216,37,34
946,335,16793,3712,330,583,3479,5908,617,2422,614,2066,327,26573,1673,3479
253,9184,9199,1673,17681,10051,23391,22440,216,35,32,2876,281,260,4726,1673
13327,2888,6329,2422,3297,37815,1217,253,19796,284,1137,253,1443,9071,1924,1673
8088,284,288,650,9868,3297,476,48979,1921,1673,476,24798,3297,384,553,1109
657,314,3807,1127,260,2582,22941,3394,29,48,330,269,3021,14573,335,253
1542,3297,260,10882,1972,288,2127,253,1546,1230,282,6703,281,624,38825,81
4771,34053,8544,1263,1132,990,650,3424,24374,282,260,7516,99,19219,5728,284
253,5274,335,260,5171,11748,563,441,1036,253,5232,1673,24977,105,3935,288
284,10413,338,384,1251,1962,650,476,5517,272,3297,14709,5055,1376,363,25271
288,1928,601,8906,1673,1117,10023,12253,338,476,502,359,25031,281,260,2715
27735,4250,637,100,37313,365,216,33,41,41,41,2481,3297,1547,30583,476
476,933,3894,6329,16499,5274,476,288,260,3870,637,20665,2476,284,38433,260
1953,2269,14960,9258,3297,384,436,20413,351,20349,266,637,476,16206,3145,2588
260,6535,1916,4592,260,9561,592,11125,3297,4976,502,592,253,8604,282,650
4745,216,33,41,41,40,3297,525,7138,22765,322,3297,22722,25400,2292,3297
436,7419,418,253,2291,2800,288,40910,216,36,32,37,284,5430,1614,22583
450,6062,6855,292,3215,563,37014,281,253,8739,3394,29,48,4144,272,7808
1673,8501,7419,1547,30583,281,253,216,34,3394,30,48,216,35,41,1577
637,476,4651,476,4940,411,40121,6423,3297,284,27639,8124,637,99,476,4250
37,3394,30,48,216,36,2215,2856,2601,2493,1673,378,4771,761,476,43312
260,5044,25943,476,856,441,325,1365,476,8544,384,24145,5744,105,637,99
4226,6454,8544,1041,1137,338,979,357,476,2933,2748,418,7591,338,359,7182
260,216,41,38,373,476,3756,381,38698,282,2018,5885,476,990,253,3083
7411,2249,282,9400,2374,1673,216,16506,533,216,33,39,40,38,39098,2163
1485,1673,909,3459,650,9478,281,260,10197,5461,3297,284,2163,253,6510,282
16506,378,39098,637,99,1329,7842,281,3996,49076,1130,650,1123,3289,428,15094
4926,22152,2322,47737,14335,429,260,7030,363,8175,690,650,1199,282,5874,13517
1547,8011,282,10099,284,7945,284,260,10197,7759,4702,1673,378,408,728,332
3297,450,15548,3297,335,582,2103,284,288,5068,41004,284,3857,32838,335,260
4415,411,3201,2785,347,476,12467,274,327,874,4132,365,442,3955,2481,476
3955,35332,284,48502,3857,32838,335,9941,282,24621,3297,5170,1272,1904,288,17690
3297,8557,592,2304,429,216,36,3394,30,48,216,37,2471,288,216,34
442,3955,637,99,7195,288,260,7595,6470,288,11461,2498,599,281,260,3179
446,38028,16506,378,1913,351,44349,542,436,441,442,3955,637,99,805,1739
1272,3297,787,582,6254,1673,909,31592,3297,476,5310,339,7795,3289,5277,42144
2180,314,6834,3524,284,4658,338,634,3675,288,1464,3265,282,442,3955,986
282,442,3955,1673,6906,13693,282,623,2905,2612,284,732,1072,2612,436,453
2112,284,3297,411,37256,11530,637,1038,15520,3297,30178,1083,288,442,3955,637
3955,2481,281,260,4606,41232,13264,18887,282,7288,365,265,1673,216,34,32
582,1112,282,260,35288,3394,29,48,3536,512,336,1881,452,4583,258,3735
41,40,1673,216,16506,35288,965,2163,4248,981,260,35288,3394,29,48,3536
99,3297,592,7652,564,990,260,1913,3297,16546,2637,1379,1673,216,16506,533
216,38,3394,30,48,216,39,38,4533,327,260,2240,637,99,5730,3297
1683,351,30640,5206,7649,1673,38028,16506,446,446,4206,32742,446,446,216,22342
2481,3297,28997,365,216,33,38,3394,28,48,216,35,38,36,9910,567
378,27479,9901,284,35288,9942,4104,359,1680,47756,2972,260,5403,11132,1673,378
3297,15620,30280,391,292,284,15620,5098,42879,1673,657,314,3807,1048,19032,260
3297,656,260,32241,282,2322,260,18675,1673,16635,682,3297,971,282,260,2240
1673,378,31342,13018,4252,282,36344,13933,8544,5991,2513,88,2878,284,8086,85
3297,284,253,6206,282,377,22667,365,2560,18792,216,41,32,2481,1673,216
16895,3394,29,48,216,34,527,2717,260,450,66,14106,817,3297,347,4073
284,260,3712,282,864,9491,1888,281,260,1798,1673,378,2240,314,597,260
284,359,2007,6354,3297,5724,3297,10245,3394,29,48,6354,355,14230,645,9945
260,12718,3297,979,41256,19630,1483,16241,216,38,37,1772,281,650,216,33
6753,5871,284,8110,3297,284,359,1730,288,19038,11785,3150,14681,1673,216,16506
1800,1673,10262,21262,3215,284,5988,288,919,357,1048,1673,378,4771,17438,351
3297,1695,6823,282,260,14118,7325,3297,3385,5997,592,3917,281,1673,216,16506
284,10856,18237,1260,3297,1285,22706,1866,13190,28614,519,4139,49,676,259,284
284,7980,27992,30553,10559,260,28184,1908,1673,25773,9190,282,5997,6110,19036,738
637,99,3048,3297,634,2753,631,2968,592,1399,2958,3297,564,260,4559,5502
1552,335,260,8319,282,701,338,502,761,2269,429,253,8221,4052,1673,378
2240,8560,3297,281,40001,282,253,5517,3297,335,260,1695,10528,3297,216,35
3297,1285,260,1797,1918,3297,4004,3297,3085,284,1545,2075,281,1910,1673,378
288,260,4706,282,260,1796,2244,429,260,21613,3297,476,3121,19630,476,3297
16506,446,446,942,3296,446,446,38028,16506,24282,1812,365,2042,2481,2405,436
6254,281,260,216,33,41,40,40,15937,22255,281,39903,3297,2582,9096,284
48661,637,99,10254,282,260,2260,355,2788,10254,282,260,2260,2481,314,253
40,36,4771,15651,335,260,18657,8544,338,7704,14482,2842,288,253,24503,3297
659,9819,37392,27663,8777,3297,21652,494,34253,26327,3297,5299,10754,431,12248,3297
30,32752,3297,253,7891,284,8391,48760,327,260,2938,7598,5097,9618,365,34661
260,389,591,20501,5403,15468,436,3251,418,19557,90,2280,18293,315,516,3297
260,5770,282,16336,3297,5246,3297,44238,284,2811,29414,1673,389,591,20501,5997
282,39448,1782,2811,314,983,418,5573,12196,607,542,767,260,4051,282,389
288,3577,40531,389,591,20501,37342,14793,365,17683,54,2481,1783,1673,38028,16506
1577,23161,101,3297,372,16850,3297,659,925,274,3297,659,531,81,450,2538
446,446,446,38028,16506,378,808,1360,4971,281,389,591,20501,436,2837,281
3297,27471,2231,372,1992,3297,530,10734,372,1992,3297,18086,316,47672,33837,3297
23319,749,39672,3297,17180,253,4302,3432,13821,30131,4028,3297,436,8002,260,43262
351,7995,258,4127,637,99,28582,32597,3297,284,253,2710,10362,282,451,6075
6139,738,260,46782,2258,377,463,3297,36677,260,3568,338,436,563,288,1690
1459,254,284,422,24995,3297,18863,4273,761,4723,216,36,32,32,4028,9665
1744,101,288,919,601,1181,17733,33934,3297,284,588,335,1673,216,16506,1423
16506,24084,20498,327,216,39,37,3168,3297,10788,18863,4273,637,99,22885,7216
38028,16506,1315,2863,2888,24929,216,41,35,365,12182,216,41,35,2481,314
1721,1683,260,15691,5484,816,21536,773,3102,1761,1673,657,3318,13351,260,1165
260,6560,1673,216,16506,378,7410,6497,4203,418,40074,7216,3297,1695,260,10855
35,3394,30,48,216,36,2215,281,216,34,32,33,38,2481,288,3754
32,32,32,4048,282,2340,5146,288,33623,1673,533,216,33,41,40,38
260,817,347,253,8941,4859,563,216,35,40,32,6381,365,216,34,35
37,2353,3341,3133,3297,253,7805,3394,29,48,767,429,260,22155,1717,3086
2260,7325,4947,260,3133,288,6393,617,702,6581,3414,4252,284,1217,357,260
20556,6948,1220,39311,32444,1673,330,2087,689,14793,436,20918,411,21271,37268,3297
411,4451,216,33,41,33,37,284,216,37,32,3394,28,48,216,32
1673,378,4631,6171,8221,4572,281,260,1757,527,5354,2842,288,253,12150,6866
436,441,281,260,910,282,253,12248,355,19295,436,260,14158,373,12075,6257
40,3297,354,32376,23105,3658,2389,23163,335,260,5595,282,377,255,8999,7817
1039,12585,3297,29655,8016,2114,1145,6854,3297,7509,1166,1713,473,3297,284,26545
327,527,787,3841,359,1343,314,476,330,45261,282,260,3756,2287,1343,15032
3297,14701,411,253,6510,284,3358,327,16771,10015,3297,10110,3592,10015,3297,17300
480,1038,1151,1673,29421,282,28760,4585,411,2249,282,260,1360,19677,966,281
564,597,335,260,10904,1673,330,2765,8638,282,650,1806,314,312,38556,6538
259,13768,1673,216,16506,378,1387,380,305,1155,282,260,13768,14202,282,253
284,10497,260,2184,282,260,340,2272,216,32,38,37477,637,99,216,33
48,216,35,15784,430,7410,288,25951,281,2405,216,33,41,33,37,3297
514,3394,29,48,216,33,32,1128,3297,527,14202,282,827,4302,3697,7090
357,4502,260,2415,1773,253,2588,282,1036,637,2938,637,411,4347,281,260
1673,378,1666,47288,28805,2258,260,1112,282,216,33,41,36,33,1683,351
35544,1219,3297,260,216,41,40,373,22500,282,260,216,33,302,11525,9760
2972,354,25738,4249,564,436,441,1730,288,2635,260,21110,1673,657,436,441
3394,29,48,26457,288,15895,335,6092,2544,1673,1385,592,4786,5939,715,347
281,260,34661,2394,266,418,2601,12599,1673,216,16506,1985,216,40,4745,216
38028,16506,37112,81,365,5671,1577,30685,24344,319,3609,37112,81,19394,29465,8544
20250,4294,2126,260,16603,1673,216,16506,3959,288,260,3912,5720,5863,409,3297
11151,1673,37112,81,761,2269,260,47946,527,761,7352,429,260,2112,282,442
260,6237,3297,527,761,1217,327,650,367,2059,4654,990,260,25303,1673,533
2736,4469,3760,3297,527,22389,3920,253,26175,3297,429,260,10898,282,48369,292
614,1523,260,1450,7081,281,260,1798,8544,5155,288,1450,260,18961,7612,7081
3394,28,48,216,32,32,32,253,3133,1673,28614,519,2216,1056,288,4726
10808,614,335,1466,282,1272,1673,28614,519,5087,4541,2120,23584,281,827,7419
5683,365,15688,9008,1362,284,12228,9472,29495,2481,284,11338,30280,15519,2882,3297
