1116,446,6356,389,9226,352,446,38028,16506,6356,389,9226,352,314,354,2321,4771,3297,8552,284,16984,17523,1673,909,761,253,16204,3394,29,48,45608,1791,335,260,8552,3086,378,8593,281,216,34,32,32,32,1673,669,436,3922,411,253,45608,1791,281,260,1238,3488,707,2855,411,15399,5970,3139,3297,527
18555,637,99,11657,359,2500,411,800,6546,12815,288,325,1486,260,6250,282,511,655,3297,284,357,2496,476,650,10395,3297,17902,1789,2022,722,282,511,260,1349,320,791,690,38917,282,253,8715,284,282,511,260,464,258,780,31424,282,260,1212,2229,3297,7936,338,787,8483,416,2042,7363,1673,476,216
24600,1463,446,446,216,22342,1116,16506,446,339,313,3394,29,48,1128,11763,974,446,38028,16506,378,339,313,3394,29,48,1128,11763,4452,365,216,29836,228,176,229,112,46157,19805,116,179,227,116,3297,339,313,3394,29,48,310,706,5896,24184,2481,592,253,6455,282,21836,94,3779,11763,4452,2837,327
411,2267,260,2938,1845,7647,366,355,43123,2837,6907,282,216,38,355,216,40,13897,365,216,33,41,11083,216,40,281,355,216,34,38,11083,216,35,281,2481,3519,1673,533,260,3008,216,33,41,34,32,99,260,2892,3394,29,48,1533,1734,592,34194,284,3171,6408,592,3235,288,260,1623,93
216,33,41,36,36,281,1062,260,7419,1830,216,36,38,3282,216,33,33,6439,365,216,33,36,3394,30,48,216,35,32,283,2481,284,904,7379,216,37,3282,216,40,3394,30,48,216,37,6439,365,216,33,3394,30,48,216,39,36,283,2481,1673,909,597,2842,13706,8673,281,13159,3297
7162,5847,216,33,37,2009,588,502,856,5948,480,21022,6429,338,6641,1673,378,7824,2156,2141,46384,7083,7352,281,5656,429,260,19763,22829,3992,1036,26146,618,260,2240,637,99,913,1849,1783,3297,284,253,725,2156,436,4380,2837,281,216,33,41,36,36,1673,216,22342,16506,446,5665,9420,282,29095,100
13398,284,2362,260,4302,288,724,216,33,302,27570,284,260,6791,335,260,5677,3398,1731,377,1433,516,3394,29,48,39112,284,340,6721,1673,11187,28182,659,30,530,21063,3297,9518,9791,282,260,216,34,268,27570,3297,9637,426,6721,1187,260,377,1433,516,3394,29,48,39112,3398,1673,669,3075,436,7168
1443,4158,1890,282,718,24947,276,990,253,3424,4626,13107,284,22642,282,260,1547,1761,1673,378,216,35,7212,22500,761,719,2049,418,533,322,637,258,3297,564,7573,15696,11187,4660,44514,17365,95,5457,4592,260,8033,282,13737,718,24947,276,592,1837,1673,216,16506,1985,260,5738,282,4448,216,33,3297,351
36,816,1574,2481,216,16506,11187,26006,365,29083,28279,1491,2481,1841,26880,365,216,34,32,32,40,816,1574,2481,216,16506,13902,106,7712,365,13902,22392,2481,1841,15987,365,216,34,32,33,37,816,1574,2481,216,16506,18293,29612,365,34843,43173,581,974,2481,1841,17229,365,216,34,32,33,37,816,1574
2390,719,30283,411,15327,2803,15906,288,325,3984,1673,216,16506,378,23576,282,15327,2803,761,253,1546,977,335,14309,12330,1673,4311,260,216,33,39,373,2070,260,12700,31595,282,14309,12209,761,719,260,1761,282,5182,3297,837,253,14954,4331,253,986,1761,288,1928,357,260,1450,2892,429,624,2932,1908,12466
29,48,2045,4688,497,6287,4891,283,7185,284,38203,702,480,10091,28889,3297,284,623,3004,592,805,7443,11268,1673,7049,9403,9396,592,25767,8544,260,10091,9403,14954,282,260,7598,10400,856,805,3631,476,216,37,288,216,41,2009,5511,476,3297,284,260,3223,436,1887,351,260,1584,4688,497,6287,1673,2287
282,1461,15583,3297,1285,33980,3297,29509,3297,12987,1457,3297,284,1449,1673,1550,260,15534,25904,260,5720,3297,260,22408,2496,476,20403,7576,2408,1036,2206,550,476,1673,669,4567,338,260,896,1711,16905,418,260,1142,655,338,260,896,19366,1956,288,16905,3297,3910,253,2908,284,3890,351,260,3895,1673,10893,3297
1755,292,781,3297,284,843,1095,2610,781,3297,338,457,2452,281,634,1356,94,1821,36391,25789,1673,3529,1356,94,1821,36391,99,457,10147,755,24619,281,260,17956,282,480,37496,3297,17421,18812,282,4914,9075,429,260,1532,282,260,14027,411,20409,491,1217,263,7772,441,2476,8544,281,634,1356,94,1821,36391
4616,338,1135,6957,94,1821,847,105,1418,253,42782,1577,253,4914,418,260,1056,282,260,14027,3297,260,1280,5352,795,1633,3297,314,4395,288,1372,4914,335,260,33593,282,260,14027,3297,260,273,7486,87,1633,8544,1507,22552,1217,843,96,7486,87,1633,7310,35077,359,1386,826,260,273,7486,2345,1319,8544
33,33,40,36,3297,4012,908,990,216,33,33,41,36,1673,38028,16506,446,446,7049,1029,446,446,38028,16506,13956,6338,436,808,4415,281,260,2844,2004,826,216,33,33,34,33,284,216,33,33,34,40,645,384,4541,281,253,18460,3297,527,3551,2003,253,7259,1467,3297,3105,3593,354,8714,6267
429,2582,3518,3297,1797,8976,767,281,15505,288,1238,1523,46259,335,216,34,39,4185,216,34,32,32,40,3297,351,43174,13195,312,4815,106,659,376,106,32737,494,990,216,39,38,3487,1673,909,1135,650,8781,808,3394,29,48,2299,34053,335,216,34,35,4448,216,34,32,32,40,281,253,216
260,1850,282,216,34,36,3297,12146,717,5187,10062,1673,216,16506,2550,260,3645,3297,659,366,30784,436,12090,260,21330,1691,20371,16082,347,260,1450,2049,3394,29,48,17813,34042,281,216,34,32,33,33,3297,260,29153,24037,16082,327,3529,5495,2946,2071,12406,34042,3297,260,6920,3441,703,16082,347,260,1466
659,366,30784,1278,979,281,32388,1673,1626,9377,650,3491,3297,659,366,30784,30593,253,20592,282,1885,216,33,32,32,567,9422,447,5797,281,216,34,32,33,33,1673,1929,659,366,30784,637,99,4795,904,282,216,34,36,40,9422,7477,14098,981,260,216,34,32,33,33,3645,3297,384,20219,1885
260,3685,6847,1673,533,11065,3297,384,1137,338,384,3680,21115,281,22010,5415,106,31804,637,99,746,284,338,384,8962,338,1329,2678,284,1686,347,3297,2289,288,984,12873,408,956,397,4823,93,885,3297,476,24489,284,46739,476,1673,30410,637,99,2424,436,288,24353,650,2138,588,384,856,16592,1272,1187
48,2070,7900,1673,216,16506,3513,260,15583,617,592,2587,281,260,1461,25451,363,17737,2962,3297,33079,3297,15161,284,20604,12006,359,1209,4856,13380,284,1012,347,3562,911,1673,44799,15831,3297,617,436,418,768,253,37233,4028,282,260,1528,3297,16016,578,253,2116,21174,3997,282,874,1038,338,15347,354,25451,363
5989,761,288,325,6792,618,288,325,4935,1673,13391,7751,592,4294,281,260,44414,74,281,253,24286,476,718,476,2191,1673,378,2415,4527,736,325,4858,351,3163,4494,34862,3297,527,2309,511,7751,281,260,44599,8568,288,325,4642,767,1673,38028,16506,446,446,446,6586,24552,446,446,446,38028,16506,378,1085
1673,38028,16506,446,446,7575,735,446,446,38028,16506,378,808,2244,429,1218,2323,1010,85,314,476,3906,2438,270,476,3297,5118,335,216,34,35,4053,216,34,32,33,33,1673,533,260,1797,1918,357,5388,1230,582,335,260,8593,4265,8992,5671,35617,6473,365,1166,90,6856,637,99,8629,1230,582,335
3792,6080,277,618,354,993,6095,6841,36860,335,4124,216,34,37,3297,527,25506,1793,13107,260,3818,11406,4374,2258,260,1112,282,4124,216,34,32,32,35,1673,216,16506,33753,990,2941,3297,17012,90,3792,2952,827,25608,281,377,2102,46162,281,1706,288,4835,5898,284,34969,961,867,3055,8544,1887,2165,592
22706,13300,90,9819,3297,284,338,1194,377,6801,2211,49,2585,26558,6271,1275,335,23208,22706,1985,105,2231,1673,378,5670,3112,29773,618,253,25716,2509,3297,990,2941,354,3323,281,260,3712,1673,1985,4448,216,33,3297,260,530,7227,5183,13300,90,9819,21987,8056,216,33,32,8427,11113,282,216,33,37,32
4451,3297,260,30351,29936,42832,253,8941,4859,281,260,10352,282,16704,3297,527,4935,19068,959,284,14997,618,260,3530,7357,3297,18832,4591,11228,281,16704,1673,216,16506,533,3921,3394,29,48,4745,3297,260,530,7227,13099,22678,253,4238,8941,4859,2141,30162,5378,1673,378,6871,597,13099,22678,253,8941,4859,767,260
302,22500,282,8908,8869,3297,599,282,10669,261,637,99,13564,34851,12940,3297,284,42145,344,3653,282,450,1682,266,637,717,12940,11869,354,19600,3075,2745,624,2203,1673,378,2650,16650,592,5079,277,281,253,1761,284,7168,288,910,480,16730,16207,3112,2001,288,2037,2253,429,260,216,36,3394,28,48,216
1153,761,1673,533,13441,260,5182,284,624,20761,3297,10891,457,8259,260,14060,284,5186,327,624,7616,441,805,335,17906,1153,284,25394,276,1577,476,19538,3297,2839,282,17906,1153,637,99,7741,284,650,1038,21215,1307,327,357,3297,5411,277,650,16255,335,10669,261,3297,5337,384,22101,318,13259,282,38154,17906
1673,669,45358,15342,32712,284,5657,39807,284,15342,32712,288,43330,769,260,9199,282,260,5758,1673,15342,32712,736,12721,39807,3297,990,12457,354,426,3394,29,48,216,37,3297,288,4726,650,1796,12409,53,36167,974,1673,15342,32712,436,7673,351,253,14005,29428,429,260,6543,2823,14881,4870,1757,1673,216,16506,2550
99,1793,502,592,1062,12353,411,378,15108,2192,7862,1673,1814,260,7598,428,17803,3297,15342,32712,436,260,216,34,35,7212,1013,4506,3297,14392,1876,16031,1092,1036,15129,411,389,1484,15108,2192,351,724,429,260,1532,282,378,15108,2192,7862,1673,216,16506,1985,260,4450,216,34,37,12592,282,21938,3297,43221
22342,16506,446,446,446,1712,4793,6149,34113,446,446,446,38028,16506,2071,1712,4793,6149,18651,38151,4846,216,16506,15140,6676,9760,339,2018,3394,29,48,1547,365,216,33,41,41,41,3297,216,34,32,32,32,2481,216,16506,15140,6676,9760,339,26016,5690,48546,365,216,34,32,32,32,2481,216,16506,8095
1646,8092,8185,281,22962,2242,476,3297,12634,288,365,284,6482,4054,281,5522,2481,260,1774,6754,89,3414,335,4528,3560,260,28116,1673,216,16506,40864,5094,4944,38562,254,44295,281,476,1032,20809,282,260,33582,538,476,3297,1239,260,3890,826,260,827,3870,314,441,34286,1793,28433,9431,1041,553,354,1384,281
38028,16506,378,9017,33092,48193,21739,365,330,33,39,2481,3297,597,1343,347,260,27400,98,818,3297,436,253,2938,1420,7837,3281,411,717,36958,3394,29,48,24955,99,281,260,3008,216,33,41,35,32,99,284,15455,981,260,2260,2287,3713,1673,378,27400,98,818,436,6909,2724,347,260,6008,281,260
4962,27400,98,818,99,1486,624,550,6110,1673,378,2723,4654,2585,2534,3297,564,436,441,7064,288,260,216,33,302,5097,9900,9760,327,986,8544,981,3921,3394,29,48,216,33,41,36,35,3297,260,7573,436,15326,288,260,5550,4365,588,357,856,6390,281,260,17204,11145,282,27658,1673,637,340,637
16506,2015,282,260,42809,37420,637,15824,2395,288,457,5019,3320,3691,1673,378,2240,282,4653,44278,436,12829,347,260,1085,8560,282,260,10635,411,5145,22723,81,281,563,216,41,32,32,7636,3297,351,312,375,42693,2346,284,22417,9106,367,20624,29902,4066,6482,4347,260,1791,8544,550,4343,16432,592,1083,1181
253,544,39305,355,354,22261,1673,657,553,253,1680,5640,284,253,3114,338,47838,429,656,260,1680,84,560,1479,2893,260,10006,1673,5713,1890,44462,11053,281,3433,282,260,10006,1673,378,1680,5288,1507,6923,33809,281,260,910,282,610,4387,1673,378,2715,314,338,282,253,9945,4672,351,29173,2707,32885,284
20534,1673,216,22342,16506,446,15197,29119,446,38028,16506,32964,11360,476,15197,476,29119,365,3988,4451,216,34,34,3297,216,33,41,39,38,2481,314,354,1547,3544,18120,1680,17159,327,260,9400,340,2781,747,282,260,442,10833,1673,909,436,5094,260,1680,17159,418,26573,1638,281,40034,1673,330,4302,18120,7081
946,335,16793,3712,330,583,3479,5908,617,2422,614,2066,327,26573,1673,3479,5908,22440,216,33,32,808,2745,2876,3297,34460,650,3645,904,1673,1814,2745,655,3297,13888,637,99,1022,9318,418,216,35,35,816,216,35,34,1673,216,16506,378,1796,2745,436,4944,1035,5076,3297,351,7795,2299,2498,253,7264
1542,3297,260,10882,1972,288,2127,253,1546,1230,282,6703,281,624,38825,81,21714,3297,9789,338,624,14130,3849,359,253,966,282,2376,48715,3297,284,441,3908,11569,3297,347,436,5094,5613,429,253,14130,4308,5322,260,29049,462,4527,1673,669,7504,3297,2107,3297,314,441,21902,6454,1980,1127,260,3097,1773,1673
27735,4250,637,100,37313,365,216,33,41,41,41,2481,3297,1547,30583,476,11409,260,6195,3297,4889,8167,2843,282,31078,281,6051,476,1673,6785,25422,10661,376,9727,11233,338,281,480,19387,282,31078,476,1523,6952,13954,411,1913,3297,411,48209,3297,284,411,17131,284,20353,2529,476,3297,623,9411,1386,253,737
436,7419,418,253,2291,2800,288,40910,216,36,32,37,284,5430,1614,22583,46057,281,10677,11900,8544,260,2972,282,260,28227,849,637,1478,436,7419,281,260,2240,637,99,41933,4173,7390,1673,24977,105,637,99,23295,436,2724,288,325,1297,3394,29,48,702,288,1820,650,476,25657,621,476,8088,3297,979
260,5044,25943,476,856,441,325,1365,476,8544,384,24145,5744,105,637,99,476,7729,282,7954,101,37945,3297,9964,24459,9784,3297,284,27334,3015,476,284,260,970,384,44784,450,6062,351,476,11004,4330,476,1673,38615,15757,4226,281,378,1315,2863,7790,1137,5744,105,436,418,650,476,19627,2816,100,284,768
16506,378,39098,637,99,1329,7842,281,3996,49076,1130,650,1123,3289,428,15094,376,3261,3297,617,436,9951,37497,288,3756,5679,281,216,33,39,41,38,3297,1683,351,550,10197,921,25772,660,1673,1550,3261,2049,650,1681,281,2405,216,33,40,32,35,384,3365,39098,288,1680,260,4528,44599,347,5234,2756
3955,35332,284,48502,3857,32838,335,9941,282,24621,3297,5170,1272,1904,288,17690,260,8596,7603,96,30338,1673,2550,1360,15542,3297,442,3955,436,5657,288,1167,3857,32838,288,1003,429,20344,3297,564,1041,436,11834,13825,990,874,1003,1673,216,16506,442,3955,597,436,3213,288,457,32180,7603,96,30338,288,2112,281
2180,314,6834,3524,284,4658,338,634,3675,288,1464,3265,282,442,3955,986,990,650,2112,1673,216,16506,378,3181,1913,981,260,713,282,260,8920,2553,28714,436,3873,411,3201,10891,347,253,31759,1657,1673,3959,288,37256,11530,3297,451,16215,436,11843,281,260,1027,338,33983,856,787,2848,6654,335,260,8569
41,40,1673,216,16506,35288,965,2163,4248,981,260,35288,3394,29,48,3536,512,336,1881,452,4583,258,3735,527,15298,327,1296,5034,284,3621,5503,429,1910,3297,3518,284,5671,2493,1699,260,6125,10015,288,14373,5255,365,10366,436,2221,354,1013,4918,320,327,5503,4167,429,3089,3297,12890,284,3275,2481,284
378,27479,9901,284,35288,9942,4104,359,1680,47756,2972,260,5403,11132,1673,378,4097,22802,6231,3297,260,13933,637,9326,3832,4097,3394,29,48,1789,10059,3297,284,260,1798,637,99,3464,3394,29,48,9326,3832,10059,314,1680,47756,281,31294,31917,1673,216,16506,35288,5860,347,260,17370,282,260,5573,7749,282,260
16895,3394,29,48,216,34,527,2717,260,450,66,14106,817,3297,347,4073,429,260,372,16895,3394,29,48,216,35,527,314,656,260,17546,12373,817,338,2465,550,2391,282,35282,35288,1673,4909,282,260,15415,817,2585,281,260,216,33,41,39,32,99,656,260,11560,395,6642,3297,1625,357,260,808
1800,1673,10262,21262,3215,284,5988,288,919,357,1048,1673,378,4771,17438,351,10262,284,5099,1673,38028,16506,446,446,8968,446,446,38028,16506,16782,20202,85,347,40307,15712,259,216,16506,2250,9194,33770,347,5099,216,16506,5370,1068,373,347,10262,8732,1425,405,216,16506,5874,330,30,4202,3347,347,8732,1425,405
1552,335,260,8319,282,701,338,502,761,2269,429,253,8221,4052,1673,378,27992,366,592,21908,347,294,751,324,487,411,798,19989,3297,617,3680,260,28274,347,9889,26649,7901,288,10575,260,3223,1673,378,21619,18604,284,26258,14773,487,3297,1361,1891,1592,3297,5655,288,1607,260,5569,2025,429,27992,274,284
6254,281,260,216,33,41,40,40,15937,22255,281,39903,3297,2582,9096,284,418,260,216,33,41,41,34,15937,22255,281,30010,3297,7476,8544,971,655,3297,32069,637,99,2071,16554,7632,2362,2976,9501,1673,3897,260,216,33,41,41,34,4252,3297,260,442,7524,2362,260,3442,637,99,808,4263,10324,697
260,389,591,20501,5403,15468,436,3251,418,19557,90,2280,18293,315,516,3297,4335,4953,335,216,33,4450,216,33,41,40,35,1673,4311,260,9436,282,6553,48202,4618,47975,282,27331,5919,365,15341,16135,2481,281,216,34,32,32,40,3297,389,591,20501,1438,260,23147,288,5457,272,1346,603,12595,4173,3297
446,446,446,38028,16506,378,808,1360,4971,281,389,591,20501,436,2837,281,216,33,41,39,33,411,389,591,20501,8882,5299,365,389,14503,2481,1673,533,216,33,41,40,40,260,4971,436,30815,288,919,970,327,1076,10363,1673,9379,429,260,4971,592,4935,618,260,4302,389,14503,2194,1673,1985,216
1459,254,284,422,24995,3297,18863,4273,761,4723,216,36,32,32,4028,9665,3297,284,436,260,3995,27954,281,32721,1673,38028,16506,446,446,7049,1463,446,446,38028,16506,9946,2966,282,3697,5563,2585,21639,281,32721,281,260,3008,216,33,41,373,2070,3297,564,768,4935,335,1673,533,260,1584,216,34,32
260,6560,1673,216,16506,378,7410,6497,4203,418,40074,7216,3297,1695,260,10855,7280,618,21930,12636,992,1673,3726,3297,12182,216,41,35,42993,351,11012,216,37,39,35,365,2322,7216,2481,418,253,22290,338,436,2268,260,6378,2115,16183,282,12182,216,34,38,39,1673,1814,451,10930,3297,12182,216,41,35
2260,7325,4947,260,3133,288,6393,617,702,6581,3414,4252,284,1217,357,260,1450,3586,282,18119,447,5118,1673,3155,4066,11836,18424,983,260,3133,14216,284,24145,260,7282,2893,260,41611,284,22155,1717,5535,1673,18199,3297,22155,1717,637,99,14791,14170,3656,260,9906,14404,335,6362,24675,637,99,216,34,32,32
40,3297,354,32376,23105,3658,2389,23163,335,260,5595,282,377,255,8999,7817,2856,282,3300,23280,1673,5713,3394,29,48,3822,284,13869,2938,284,6948,4135,592,26368,429,2531,2389,23163,527,592,843,455,281,260,7796,8020,3300,23280,365,377,255,8999,7817,2481,13751,22927,1673,669,436,260,808,725,18513,2287
564,597,335,260,10904,1673,330,2765,8638,282,650,1806,314,312,38556,6538,31683,9313,11270,3297,2587,281,216,33,41,38,40,351,634,18189,618,2321,284,3697,429,260,2798,5671,1673,216,22342,16506,446,3697,7090,514,50,339,22679,446,38028,16506,378,7090,514,50,339,436,253,1128,282,1165,7915,30524
357,4502,260,2415,1773,253,2588,282,1036,637,2938,637,411,4347,281,260,1913,3867,1673,216,16506,533,1584,4019,216,33,41,36,32,3297,563,216,33,35,3394,28,48,216,37,32,32,14818,546,266,592,21975,288,17709,38979,46563,281,3432,23513,1673,1423,3297,1695,260,47765,1247,282,260,3432,288
281,260,34661,2394,266,418,2601,12599,1673,216,16506,1985,216,40,4745,216,33,41,36,34,3297,216,36,38,38,6995,429,46582,16176,335,8025,2601,3486,1512,9063,1673,216,16506,3300,480,17370,281,46582,3297,4660,30547,284,23303,8957,10795,20000,662,45447,9067,18073,312,4560,3297,260,808,1739,5276,7604,4953
2736,4469,3760,3297,527,22389,3920,253,26175,3297,429,260,10898,282,48369,292,281,7158,1793,260,713,216,34,34,41,3297,436,8168,540,670,582,3822,929,990,37112,81,761,4242,1673,4020,3841,359,3235,411,354,453,42113,17560,429,260,8561,269,465,367,19394,33711,3297,253,746,14002,288,457,719,29188
