function         inputs      max ulp     max abs     max rel     not c.r.
exp          2237661186       0.9956   8.596e+30   1.719e-07     18092059
sigmoid      2237661186       2.4807   8.931e-08   1.506e-07    168317263
tanh         2220883970 20971519.0000   1.786e-07   1.667e+00    890525002
gelu         2181038082 16777212.9764   5.160e-07   1.000e+00    210736200
log             8388609       1.9684   1.048e-07   1.757e-07      3512296
softplus     2237661186 16777215.0740   5.364e-07   1.000e+00    256583230
sin          2432696322 393521387.4223   4.727e-06   4.309e+01    190141645
cos          2432696322 326412523.4223   4.343e-06   3.574e+01    211932906
sqrt         2139095041       0.5000   5.498e+11   5.960e-08            0
